0 0
1 1
2 1 0
3 2
4 2 3
4 2 4
4 2 5
5 2 6
6 2 7
7 2 8
8 2 1
9 2 9
10 2 10
11 2 11
3 12
4 12 13
4 12 14
5 12 15
6 12 16
7 12 17
8 12 1
9 12 18
10 12 10
11 12 19
3 20
4 20 21
4 20 22
4 20 23
5 20 24
6 20 25
7 20 26
8 20 1
9 20 27
10 20 10
11 20 28
3 29
4 29 30
4 29 31
4 29 32
4 29 33
5 29 34
6 29 35
7 29 36
8 29 1
9 29 37
10 29 10
11 29 19
3 38
4 38 39
4 38 40
4 38 41
5 38 42
6 38 43
7 38 44
8 38 1
9 38 45
10 38 10
11 38 46
3 47
4 47 48
4 47 49
4 47 50
5 47 51
6 47 52
7 47 53
8 47 1
9 47 54
10 47 10
11 47 55
3 56
4 56 57
4 56 58
4 56 59
5 56 60
6 56 61
7 56 62
8 56 1
9 56 63
10 56 10
11 56 64
3 65
4 65 66
4 65 67
4 65 68
4 65 69
5 65 70
6 65 71
7 65 8
8 65 1
9 65 72
10 65 10
11 65 73
12 65 1
3 74
4 74 75
4 74 76
4 74 77
5 74 78
6 74 79
7 74 80
8 74 1
9 74 81
10 74 10
11 74 82
3 83
4 83 84
4 83 85
4 83 86
4 83 87
5 83 88
6 83 89
7 83 90
8 83 1
9 83 91
10 83 10
11 83 92
13 93
4 93 94
4 93 95
4 93 96
4 93 97
5 93 98
6 93 99
7 93 100
8 93 1
9 93 101
10 93 10
11 93 11
13 102
4 102 103
4 102 104
4 102 105
4 102 106
5 102 107
6 102 108
7 102 109
8 102 1
9 102 110
10 102 10
11 102 92
13 111
4 111 112
4 111 113
4 111 114
4 111 115
5 111 116
6 111 117
7 111 118
8 111 1
9 111 119
10 111 10
11 111 46
13 120
4 120 121
4 120 122
5 120 123
6 120 124
7 120 125
8 120 1
9 120 126
10 120 10
11 120 127
13 128
4 128 129
4 128 130
4 128 131
5 128 132
6 128 133
7 128 134
8 128 1
9 128 135
10 128 10
11 128 136
13 137
4 137 138
4 137 139
5 137 140
6 137 141
7 137 142
8 137 1
9 137 143
10 137 10
11 137 144
13 145
4 145 146
4 145 147
5 145 148
6 145 149
7 145 150
8 145 1
9 145 151
10 145 10
11 145 152
13 153
4 153 154
4 153 155
4 153 156
4 153 157
5 153 158
6 153 159
7 153 160
8 153 1
9 153 161
10 153 10
11 153 162
13 163
4 163 164
4 163 165
4 163 166
5 163 167
6 163 168
7 163 169
8 163 1
9 163 170
10 163 10
11 163 171
13 172
4 172 173
4 172 174
4 172 175
5 172 176
6 172 177
7 172 178
8 172 1
9 172 179
10 172 10
11 172 19
13 180
4 180 181
4 180 182
4 180 183
4 180 184
5 180 185
6 180 186
7 180 187
8 180 1
9 180 188
10 180 10
11 180 64
13 189
4 189 190
4 189 191
4 189 192
4 189 193
5 189 194
6 189 195
7 189 196
8 189 1
9 189 197
10 189 10
11 189 198
13 199
4 199 200
4 199 201
5 199 202
6 199 203
7 199 204
8 199 1
9 199 205
10 199 10
11 199 82
13 206
4 206 207
4 206 208
4 206 209
4 206 210
5 206 211
6 206 212
7 206 213
8 206 1
9 206 214
10 206 10
11 206 136
14 215
4 215 216
4 215 217
4 215 218
4 215 219
5 215 220
6 215 221
7 215 222
8 215 1
9 215 223
10 215 10
11 215 162
14 224
4 224 225
4 224 226
5 224 227
6 224 228
7 224 229
8 224 1
9 224 230
10 224 10
11 224 231
14 232
4 232 233
4 232 234
4 232 235
5 232 169
6 232 0
7 232 236
8 232 1
9 232 237
10 232 10
11 232 198
14 238
4 238 239
4 238 240
5 238 241
6 238 242
7 238 243
8 238 1
9 238 244
10 238 10
11 238 19
14 245
4 245 246
4 245 247
5 245 248
6 245 249
7 245 250
8 245 1
9 245 251
10 245 10
11 245 144
14 252
4 252 253
4 252 254
4 252 255
5 252 256
6 252 257
7 252 258
8 252 1
9 252 259
10 252 10
11 252 136
14 260
4 260 261
4 260 262
4 260 263
5 260 264
6 260 265
7 260 266
8 260 1
9 260 267
10 260 10
11 260 268
14 269
4 269 270
4 269 271
4 269 272
4 269 273
5 269 274
6 269 275
7 269 276
8 269 1
9 269 277
10 269 10
11 269 11
14 278
4 278 279
4 278 280
4 278 281
4 278 282
5 278 283
6 278 284
7 278 285
8 278 1
9 278 286
10 278 10
11 278 287
14 288
4 288 289
4 288 290
4 288 291
4 288 292
5 288 293
6 288 294
7 288 295
8 288 1
9 288 296
10 288 10
11 288 297
15 298
4 298 299
4 298 300
4 298 301
5 298 302
6 298 303
7 298 257
8 298 1
9 298 304
10 298 10
15 305
4 305 306
4 305 307
4 305 308
5 305 309
6 305 310
7 305 311
8 305 1
9 305 312
10 305 10
15 313
4 313 314
4 313 315
5 313 316
6 313 317
7 313 318
8 313 1
9 313 319
10 313 10
15 320
4 320 321
4 320 322
4 320 323
4 320 324
5 320 141
6 320 116
7 320 249
8 320 1
9 320 325
10 320 10
15 326
4 326 327
4 326 328
4 326 329
5 326 330
6 326 331
7 326 26
8 326 1
9 326 332
10 326 10
15 333
4 333 334
4 333 335
4 333 336
5 333 337
6 333 338
7 333 107
8 333 1
9 333 339
10 333 10
15 340
4 340 341
4 340 342
5 340 117
6 340 343
7 340 344
8 340 1
9 340 345
10 340 10
16 346
17 346 1
9 346 347
10 346 10
18 346 280
18 346 22
18 346 239
18 346 30
16 348
17 348 1
9 348 349
10 348 10
18 348 280
18 348 216
18 348 130
18 348 84
16 350
17 350 1
9 350 351
10 350 10
18 350 13
18 350 95
18 350 103
18 350 253
16 352
17 352 1
9 352 353
10 352 10
18 352 182
18 352 174
18 352 112
18 352 207
16 354
17 354 1
9 354 355
10 354 10
18 354 103
18 354 271
18 354 233
19 354 245
16 356
17 356 1
9 356 357
10 356 10
18 356 121
18 356 246
18 356 341
16 358
17 358 1
9 358 359
10 358 10
18 358 173
18 358 225
18 358 84
16 360
17 360 1
9 360 361
10 360 10
18 360 129
18 360 104
18 360 321
18 360 246
16 362
17 362 1
9 362 363
10 362 10
18 362 327
18 362 225
18 362 84
18 362 103
16 364
17 364 1
9 364 365
10 364 10
18 364 182
18 364 21
16 366
17 366 1
9 366 367
10 366 10
18 366 3
18 366 164
19 366 260
16 368
17 368 1
9 368 369
10 368 10
18 368 299
18 368 138
18 368 48
16 370
17 370 1
9 370 371
10 370 10
18 370 154
18 370 66
16 372
17 372 1
9 372 373
10 372 10
18 372 334
18 372 94
16 374
17 374 1
9 374 375
10 374 10
18 374 216
18 374 182
16 376
17 376 1
9 376 377
10 376 10
18 376 57
18 376 341
18 376 104
18 376 239
16 378
17 378 1
9 378 379
10 378 10
18 378 164
18 378 3
18 378 113
16 380
17 380 1
9 380 381
10 380 10
18 380 84
18 380 138
18 380 239
18 380 225
16 382
17 382 1
9 382 383
10 382 10
18 382 334
18 382 289
18 382 75
18 382 112
19 382 65
16 384
17 384 1
9 384 385
10 384 10
18 384 327
18 384 208
18 384 30
18 384 314
16 386
17 386 1
9 386 387
10 386 10
18 386 182
18 386 271
16 388
17 388 1
9 388 389
10 388 10
18 388 75
18 388 164
19 388 269
16 390
17 390 1
9 390 391
10 390 10
18 390 3
18 390 200
18 390 58
16 392
17 392 1
9 392 393
10 392 10
18 392 191
18 392 174
16 394
17 394 1
9 394 395
10 394 10
18 394 94
18 394 261
18 394 300
19 394 199
16 396
17 396 1
9 396 397
10 396 10
18 396 21
18 396 261
18 396 216
16 398
17 398 1
9 398 399
10 398 10
18 398 300
18 398 104
18 398 21
19 398 180
16 400
17 400 1
9 400 401
10 400 10
18 400 57
18 400 280
16 402
17 402 1
9 402 403
10 402 10
18 402 112
18 402 103
16 404
17 404 1
9 404 405
10 404 10
18 404 341
18 404 300
19 404 56
16 406
17 406 1
9 406 407
10 406 10
18 406 253
18 406 121
18 406 207
18 406 306
16 408
17 408 1
9 408 409
10 408 10
18 408 173
18 408 270
18 408 306
18 408 217
19 408 29
16 410
17 410 1
9 410 411
10 410 10
18 410 290
18 410 299
19 410 245
16 412
17 412 1
9 412 413
10 412 10
18 412 58
18 412 334
18 412 271
16 414
17 414 1
9 414 415
10 414 10
18 414 21
18 414 279
18 414 103
18 414 104
19 414 120
16 416
17 416 1
9 416 417
10 416 10
18 416 341
18 416 95
16 418
17 418 1
9 418 419
10 418 10
18 418 271
18 418 181
18 418 112
18 418 299
16 420
17 420 1
9 420 421
10 420 10
18 420 21
18 420 225
18 420 216
18 420 113
16 422
17 422 1
9 422 423
10 422 10
18 422 271
18 422 341
16 424
17 424 1
9 424 425
10 424 10
18 424 191
18 424 130
18 424 207
18 424 174
16 426
17 426 1
9 426 427
10 426 10
18 426 190
18 426 191
16 428
17 428 1
9 428 429
10 428 10
18 428 191
18 428 217
18 428 22
16 430
17 430 1
9 430 431
10 430 10
18 430 112
18 430 3
19 430 111
16 432
17 432 1
9 432 433
10 432 10
18 432 270
18 432 58
16 434
17 434 1
9 434 435
10 434 10
18 434 94
18 434 191
18 434 121
16 436
17 436 1
9 436 437
10 436 10
18 436 190
18 436 104
18 436 138
18 436 121
16 438
17 438 1
9 438 439
10 438 10
18 438 225
18 438 112
18 438 233
16 440
17 440 1
9 440 441
10 440 10
18 440 225
18 440 290
18 440 246
16 442
17 442 1
9 442 443
10 442 10
18 442 146
18 442 154
16 444
17 444 1
9 444 445
10 444 10
18 444 67
18 444 121
18 444 191
16 446
17 446 1
9 446 447
10 446 10
18 446 334
18 446 270
18 446 30
16 448
17 448 1
9 448 449
10 448 10
18 448 300
18 448 31
16 450
17 450 1
9 450 451
10 450 10
18 450 104
18 450 246
16 452
17 452 1
9 452 453
10 452 10
18 452 300
18 452 155
16 454
17 454 1
9 454 455
10 454 10
18 454 314
18 454 39
16 456
17 456 1
9 456 457
10 456 10
18 456 181
18 456 94
18 456 85
18 456 306
16 458
17 458 1
9 458 459
10 458 10
18 458 190
18 458 217
16 460
17 460 1
9 460 461
10 460 10
18 460 270
18 460 48
18 460 95
18 460 239
19 460 83
16 462
17 462 1
9 462 463
10 462 10
18 462 94
18 462 155
18 462 57
16 464
17 464 1
9 464 465
10 464 10
18 464 306
18 464 39
18 464 104
19 464 288
16 466
17 466 1
9 466 467
10 466 10
18 466 181
18 466 174
18 466 341
18 466 31
16 468
17 468 1
9 468 469
10 468 10
18 468 327
18 468 181
18 468 121
18 468 85
16 470
17 470 1
9 470 471
10 470 10
18 470 190
18 470 200
19 470 56
16 472
17 472 1
9 472 473
10 472 10
18 472 279
18 472 270
18 472 207
16 474
17 474 1
9 474 475
10 474 10
18 474 217
18 474 327
18 474 39
18 474 75
16 476
17 476 1
9 476 477
10 476 10
18 476 261
18 476 66
18 476 30
18 476 321
16 478
17 478 1
9 478 479
10 478 10
18 478 190
18 478 270
18 478 239
16 480
17 480 1
9 480 481
10 480 10
18 480 182
18 480 155
18 480 103
19 480 224
16 482
17 482 1
9 482 483
10 482 10
18 482 322
18 482 191
18 482 280
18 482 66
16 484
17 484 1
9 484 485
10 484 10
18 484 321
18 484 39
18 484 173
16 486
17 486 1
9 486 487
10 486 10
18 486 155
18 486 270
18 486 314
18 486 30
16 488
17 488 1
9 488 489
10 488 10
18 488 146
18 488 216
18 488 327
18 488 261
16 490
17 490 1
9 490 491
10 490 10
18 490 341
18 490 190
18 490 21
18 490 182
16 492
17 492 1
9 492 493
10 492 10
18 492 299
18 492 95
16 494
17 494 1
9 494 495
10 494 10
18 494 327
18 494 239
18 494 103
18 494 31
16 496
17 496 1
9 496 497
10 496 10
18 496 67
18 496 182
18 496 271
16 498
17 498 1
9 498 499
10 498 10
18 498 216
18 498 289
16 500
17 500 1
9 500 501
10 500 10
18 500 200
18 500 225
16 502
17 502 1
9 502 503
10 502 10
18 502 121
18 502 112
18 502 239
19 502 145
16 504
17 504 1
9 504 505
10 504 10
18 504 322
18 504 112
18 504 173
18 504 95
16 506
17 506 1
9 506 507
10 506 10
18 506 129
18 506 322
16 508
17 508 1
9 508 509
10 508 10
18 508 200
18 508 300
18 508 129
18 508 85
16 510
17 510 1
9 510 511
10 510 10
18 510 174
18 510 190
18 510 164
18 510 121
16 512
17 512 1
9 512 513
10 512 10
18 512 130
18 512 341
18 512 190
18 512 279
16 514
17 514 1
9 514 515
10 514 10
18 514 22
18 514 191
19 514 29
16 516
17 516 1
9 516 517
10 516 10
18 516 173
18 516 341
18 516 146
19 516 163
16 518
17 518 1
9 518 519
10 518 10
18 518 154
18 518 113
18 518 289
16 520
17 520 1
9 520 521
10 520 10
18 520 208
18 520 322
18 520 246
18 520 154
19 520 269
16 522
17 522 1
9 522 523
10 522 10
18 522 208
18 522 299
18 522 95
19 522 47
16 524
17 524 1
9 524 525
10 524 10
18 524 22
18 524 261
18 524 129
18 524 322
16 526
17 526 1
9 526 527
10 526 10
18 526 207
18 526 246
16 528
17 528 1
9 528 529
10 528 10
18 528 279
18 528 334
18 528 164
16 530
17 530 1
9 530 531
10 530 10
18 530 30
18 530 155
16 532
17 532 1
9 532 533
10 532 10
18 532 31
18 532 246
16 534
17 534 1
9 534 535
10 534 10
18 534 58
18 534 233
18 534 200
18 534 217
16 536
17 536 1
9 536 537
10 536 10
18 536 253
18 536 129
18 536 341
18 536 85
19 536 29
16 538
17 538 1
9 538 539
10 538 10
18 538 290
18 538 22
16 540
17 540 1
9 540 541
10 540 10
18 540 121
18 540 289
18 540 66
18 540 217
16 542
17 542 1
9 542 543
10 542 10
18 542 113
18 542 279
18 542 67
16 544
17 544 1
9 544 545
10 544 10
18 544 233
18 544 146
18 544 112
18 544 13
16 546
17 546 1
9 546 547
10 546 10
18 546 306
18 546 155
16 548
17 548 1
9 548 549
10 548 10
18 548 104
18 548 261
18 548 30
18 548 270
16 550
17 550 1
9 550 551
10 550 10
18 550 31
18 550 84
19 550 93
16 552
17 552 1
9 552 553
10 552 10
18 552 146
18 552 270
18 552 334
16 554
17 554 1
9 554 555
10 554 10
18 554 239
18 554 30
18 554 327
18 554 112
16 556
17 556 1
9 556 557
10 556 10
18 556 280
18 556 246
16 558
17 558 1
9 558 559
10 558 10
18 558 299
18 558 154
18 558 3
16 560
17 560 1
9 560 561
10 560 10
18 560 225
18 560 95
16 562
17 562 1
9 562 563
10 562 10
18 562 290
18 562 280
18 562 327
18 562 39
16 564
17 564 1
9 564 565
10 564 10
18 564 233
18 564 121
16 566
17 566 1
9 566 567
10 566 10
18 566 155
18 566 290
18 566 208
18 566 95
16 568
17 568 1
9 568 569
10 568 10
18 568 67
18 568 200
18 568 208
16 570
17 570 1
9 570 571
10 570 10
18 570 217
18 570 253
16 572
17 572 1
9 572 573
10 572 10
18 572 270
18 572 181
18 572 300
19 572 93
16 574
17 574 1
9 574 575
10 574 10
18 574 75
18 574 113
18 574 290
18 574 121
16 576
17 576 1
9 576 577
10 576 10
18 576 217
18 576 334
18 576 138
16 578
17 578 1
9 578 579
10 578 10
18 578 322
18 578 3
18 578 271
16 580
17 580 1
9 580 581
10 580 10
18 580 321
18 580 279
18 580 138
18 580 217
16 582
17 582 1
9 582 583
10 582 10
18 582 289
18 582 306
18 582 173
18 582 154
19 582 12
16 584
17 584 1
9 584 585
10 584 10
18 584 321
18 584 66
18 584 104
18 584 31
16 586
17 586 1
9 586 587
10 586 10
18 586 21
18 586 299
16 588
17 588 1
9 588 589
10 588 10
18 588 233
18 588 182
18 588 280
16 590
17 590 1
9 590 591
10 590 10
18 590 341
18 590 322
16 592
17 592 1
9 592 593
10 592 10
18 592 112
18 592 13
18 592 327
18 592 289
16 594
17 594 1
9 594 595
10 594 10
18 594 280
18 594 94
18 594 279
16 596
17 596 1
9 596 597
10 596 10
18 596 306
18 596 208
18 596 200
18 596 270
16 598
17 598 1
9 598 599
10 598 10
18 598 207
18 598 84
16 600
17 600 1
9 600 601
10 600 10
18 600 191
18 600 327
18 600 299
18 600 154
16 602
17 602 1
9 602 603
10 602 10
18 602 261
18 602 225
16 604
17 604 1
9 604 605
10 604 10
18 604 48
18 604 271
18 604 314
18 604 30
16 606
17 606 1
9 606 607
10 606 10
18 606 246
18 606 3
16 608
17 608 1
9 608 609
10 608 10
18 608 146
18 608 66
16 610
17 610 1
9 610 611
10 610 10
18 610 261
18 610 75
18 610 207
16 612
17 612 1
9 612 613
10 612 10
18 612 138
18 612 289
18 612 67
16 614
17 614 1
9 614 615
10 614 10
18 614 84
18 614 104
18 614 3
16 616
17 616 1
9 616 617
10 616 10
18 616 66
18 616 138
18 616 321
18 616 208
16 618
17 618 1
9 618 619
10 618 10
18 618 314
18 618 253
18 618 48
18 618 289
16 620
17 620 1
9 620 621
10 620 10
18 620 261
18 620 22
19 620 224
16 622
17 622 1
9 622 623
10 622 10
18 622 104
18 622 95
18 622 271
18 622 322
16 624
17 624 1
9 624 625
10 624 10
18 624 22
18 624 181
18 624 154
18 624 58
16 626
17 626 1
9 626 627
10 626 10
18 626 103
18 626 289
18 626 300
16 628
17 628 1
9 628 629
10 628 10
18 628 146
18 628 66
18 628 279
16 630
17 630 1
9 630 631
10 630 10
18 630 146
18 630 66
18 630 233
18 630 130
16 632
17 632 1
9 632 633
10 632 10
18 632 261
18 632 306
18 632 75
16 634
17 634 1
9 634 635
10 634 10
18 634 239
18 634 181
16 636
17 636 1
9 636 637
10 636 10
18 636 246
18 636 22
16 638
17 638 1
9 638 639
10 638 10
18 638 207
18 638 279
18 638 94
18 638 21
16 640
17 640 1
9 640 641
10 640 10
18 640 174
18 640 270
19 640 238
16 642
17 642 1
9 642 643
10 642 10
18 642 39
18 642 57
16 644
17 644 1
9 644 645
10 644 10
18 644 200
18 644 299
18 644 22
18 644 314
19 644 238
16 646
17 646 1
9 646 647
10 646 10
18 646 239
18 646 173
19 646 120
16 648
17 648 1
9 648 649
10 648 10
18 648 67
18 648 306
16 650
17 650 1
9 650 651
10 650 10
18 650 300
18 650 21
19 650 38
16 652
17 652 1
9 652 653
10 652 10
18 652 104
18 652 58
16 654
17 654 1
9 654 655
10 654 10
18 654 271
18 654 67
19 654 238
16 656
17 656 1
9 656 657
10 656 10
18 656 299
18 656 225
18 656 306
16 658
17 658 1
9 658 659
10 658 10
18 658 271
18 658 30
18 658 341
16 660
17 660 1
9 660 661
10 660 10
18 660 334
18 660 112
18 660 173
18 660 154
16 662
17 662 1
9 662 663
10 662 10
18 662 271
18 662 13
16 664
17 664 1
9 664 665
10 664 10
18 664 66
18 664 174
18 664 314
18 664 155
19 664 269
16 666
17 666 1
9 666 667
10 666 10
18 666 208
18 666 84
18 666 155
16 668
17 668 1
9 668 669
10 668 10
18 668 103
18 668 280
19 668 65
16 670
17 670 1
9 670 671
10 670 10
18 670 121
18 670 341
18 670 207
16 672
17 672 1
9 672 673
10 672 10
18 672 94
18 672 225
18 672 22
18 672 57
16 674
17 674 1
9 674 675
10 674 10
18 674 289
18 674 181
18 674 239
18 674 299
19 674 111
16 676
17 676 1
9 676 677
10 676 10
18 676 3
18 676 103
16 678
17 678 1
9 678 679
10 678 10
18 678 84
18 678 174
16 680
17 680 1
9 680 681
10 680 10
18 680 103
18 680 112
18 680 314
18 680 146
16 682
17 682 1
9 682 683
10 682 10
18 682 112
18 682 341
16 684
17 684 1
9 684 685
10 684 10
18 684 174
18 684 84
18 684 207
16 686
17 686 1
9 686 687
10 686 10
18 686 57
18 686 22
18 686 289
16 688
17 688 1
9 688 689
10 688 10
18 688 39
18 688 334
16 690
17 690 1
9 690 691
10 690 10
18 690 208
18 690 217
18 690 164
16 692
17 692 1
9 692 693
10 692 10
18 692 121
18 692 85
18 692 200
18 692 103
16 694
17 694 1
9 694 695
10 694 10
18 694 21
18 694 217
16 696
17 696 1
9 696 697
10 696 10
18 696 164
18 696 30
16 698
17 698 1
9 698 699
10 698 10
18 698 94
18 698 13
18 698 334
16 700
17 700 1
9 700 701
10 700 10
18 700 246
18 700 39
16 702
17 702 1
9 702 703
10 702 10
18 702 208
18 702 30
19 702 245
16 704
17 704 1
9 704 705
10 704 10
18 704 271
18 704 246
16 706
17 706 1
9 706 707
10 706 10
18 706 216
18 706 271
18 706 112
18 706 30
16 708
17 708 1
9 708 709
10 708 10
18 708 129
18 708 22
18 708 94
16 710
17 710 1
9 710 711
10 710 10
18 710 300
18 710 341
18 710 217
16 712
17 712 1
9 712 713
10 712 10
18 712 84
18 712 216
16 714
17 714 1
9 714 715
10 714 10
18 714 174
18 714 67
18 714 321
16 716
17 716 1
9 716 717
10 716 10
18 716 113
18 716 327
18 716 280
16 718
17 718 1
9 718 719
10 718 10
18 718 21
18 718 239
19 718 65
16 720
17 720 1
9 720 721
10 720 10
18 720 289
18 720 3
16 722
17 722 1
9 722 723
10 722 10
18 722 289
18 722 233
16 724
17 724 1
9 724 725
10 724 10
18 724 30
18 724 279
16 726
17 726 1
9 726 727
10 726 10
18 726 57
18 726 30
18 726 239
19 726 199
16 728
17 728 1
9 728 729
10 728 10
18 728 21
18 728 190
18 728 239
18 728 39
16 730
17 730 1
9 730 731
10 730 10
18 730 191
18 730 21
18 730 13
18 730 217
16 732
17 732 1
9 732 733
10 732 10
18 732 95
18 732 207
16 734
17 734 1
9 734 735
10 734 10
18 734 207
18 734 30
18 734 190
18 734 246
16 736
17 736 1
9 736 737
10 736 10
18 736 173
18 736 121
19 736 215
16 738
17 738 1
9 738 739
10 738 10
18 738 217
18 738 48
18 738 299
18 738 200
16 740
17 740 1
9 740 741
10 740 10
18 740 39
18 740 181
18 740 154
18 740 57
16 742
17 742 1
9 742 743
10 742 10
18 742 321
18 742 104
18 742 57
18 742 94
16 744
17 744 1
9 744 745
10 744 10
18 744 300
18 744 75
18 744 84
19 744 120
16 746
17 746 1
9 746 747
10 746 10
18 746 279
18 746 75
18 746 113
18 746 154
16 748
17 748 1
9 748 749
10 748 10
18 748 3
18 748 13
18 748 321
18 748 112
19 748 215
16 750
17 750 1
9 750 751
10 750 10
18 750 95
18 750 58
16 752
17 752 1
9 752 753
10 752 10
18 752 253
18 752 130
18 752 300
16 754
17 754 1
9 754 755
10 754 10
18 754 121
18 754 164
18 754 334
18 754 253
16 756
17 756 1
9 756 757
10 756 10
18 756 75
18 756 95
18 756 104
18 756 138
16 758
17 758 1
9 758 759
10 758 10
18 758 181
18 758 200
18 758 66
16 760
17 760 1
9 760 761
10 760 10
18 760 21
18 760 129
19 760 215
16 762
17 762 1
9 762 763
10 762 10
18 762 48
18 762 138
18 762 174
18 762 154
16 764
17 764 1
9 764 765
10 764 10
18 764 121
18 764 299
19 764 224
16 766
17 766 1
9 766 767
10 766 10
18 766 31
18 766 130
18 766 216
18 766 30
19 766 224
16 768
17 768 1
9 768 769
10 768 10
18 768 341
18 768 327
16 770
17 770 1
9 770 771
10 770 10
18 770 85
18 770 113
18 770 191
19 770 260
16 772
17 772 1
9 772 773
10 772 10
18 772 225
18 772 84
19 772 260
16 774
17 774 1
9 774 775
10 774 10
18 774 270
18 774 146
18 774 299
18 774 13
16 776
17 776 1
9 776 777
10 776 10
18 776 121
18 776 279
18 776 75
18 776 104
16 778
17 778 1
9 778 779
10 778 10
18 778 233
18 778 155
16 780
17 780 1
9 780 781
10 780 10
18 780 217
18 780 290
18 780 130
16 782
17 782 1
9 782 783
10 782 10
18 782 300
18 782 85
18 782 306
18 782 113
16 784
17 784 1
9 784 785
10 784 10
18 784 182
18 784 300
18 784 104
18 784 154
16 786
17 786 1
9 786 787
10 786 10
18 786 181
18 786 85
18 786 84
16 788
17 788 1
9 788 789
10 788 10
18 788 164
18 788 299
18 788 300
19 788 74
16 790
17 790 1
9 790 791
10 790 10
18 790 21
18 790 225
18 790 174
16 792
17 792 1
9 792 793
10 792 10
18 792 104
18 792 22
19 792 269
16 794
17 794 1
9 794 795
10 794 10
18 794 207
18 794 112
18 794 48
18 794 208
19 794 56
16 796
17 796 1
9 796 797
10 796 10
18 796 104
18 796 75
18 796 155
18 796 270
16 798
17 798 1
9 798 799
10 798 10
18 798 67
18 798 208
18 798 280
16 800
17 800 1
9 800 801
10 800 10
18 800 322
18 800 181
18 800 182
16 802
17 802 1
9 802 803
10 802 10
18 802 190
18 802 271
18 802 300
16 804
17 804 1
9 804 805
10 804 10
18 804 21
18 804 129
18 804 121
16 806
17 806 1
9 806 807
10 806 10
18 806 289
18 806 94
19 806 215
16 808
17 808 1
9 808 809
10 808 10
18 808 138
18 808 208
18 808 84
18 808 327
16 810
17 810 1
9 810 811
10 810 10
18 810 239
18 810 289
18 810 253
18 810 191
19 810 20
16 812
17 812 1
9 812 813
10 812 10
18 812 174
18 812 191
18 812 39
18 812 95
16 814
17 814 1
9 814 815
10 814 10
18 814 191
18 814 233
16 816
17 816 1
9 816 817
10 816 10
18 816 190
18 816 84
16 818
17 818 1
9 818 819
10 818 10
18 818 233
18 818 57
18 818 191
16 820
17 820 1
9 820 821
10 820 10
18 820 216
18 820 341
16 822
17 822 1
9 822 823
10 822 10
18 822 290
18 822 57
18 822 129
18 822 300
19 822 163
16 824
17 824 1
9 824 825
10 824 10
18 824 225
18 824 121
18 824 217
16 826
17 826 1
9 826 827
10 826 10
18 826 216
18 826 190
18 826 146
18 826 279
16 828
17 828 1
9 828 829
10 828 10
18 828 182
18 828 104
18 828 280
18 828 22
19 828 189
16 830
17 830 1
9 830 831
10 830 10
18 830 113
18 830 181
18 830 208
16 832
17 832 1
9 832 833
10 832 10
18 832 306
18 832 246
18 832 103
16 834
17 834 1
9 834 835
10 834 10
18 834 208
18 834 129
18 834 67
18 834 21
16 836
17 836 1
9 836 837
10 836 10
18 836 113
18 836 3
16 838
17 838 1
9 838 839
10 838 10
18 838 94
18 838 306
18 838 3
16 840
17 840 1
9 840 841
10 840 10
18 840 104
18 840 113
18 840 103
19 840 224
16 842
17 842 1
9 842 843
10 842 10
18 842 13
18 842 306
18 842 130
16 844
17 844 1
9 844 845
10 844 10
18 844 299
18 844 84
18 844 57
18 844 3
16 846
17 846 1
9 846 847
10 846 10
18 846 270
18 846 239
18 846 173
18 846 306
16 848
17 848 1
9 848 849
10 848 10
18 848 334
18 848 280
16 850
17 850 1
9 850 851
10 850 10
18 850 130
18 850 261
18 850 67
18 850 85
19 850 172
16 852
17 852 1
9 852 853
10 852 10
18 852 94
18 852 3
18 852 289
18 852 103
16 854
17 854 1
9 854 855
10 854 10
18 854 216
18 854 121
18 854 181
16 856
17 856 1
9 856 857
10 856 10
18 856 191
18 856 48
16 858
17 858 1
9 858 859
10 858 10
18 858 113
18 858 200
16 860
17 860 1
9 860 861
10 860 10
18 860 13
18 860 182
18 860 94
18 860 121
16 862
17 862 1
9 862 863
10 862 10
18 862 322
18 862 3
18 862 327
16 864
17 864 1
9 864 865
10 864 10
18 864 289
18 864 271
18 864 306
18 864 322
19 864 189
16 866
17 866 1
9 866 867
10 866 10
18 866 327
18 866 290
18 866 3
18 866 104
16 868
17 868 1
9 868 869
10 868 10
18 868 174
18 868 129
18 868 104
16 870
17 870 1
9 870 871
10 870 10
18 870 66
18 870 67
19 870 93
16 872
17 872 1
9 872 873
10 872 10
18 872 67
18 872 57
18 872 66
16 874
17 874 1
9 874 875
10 874 10
18 874 279
18 874 253
18 874 314
18 874 13
16 876
17 876 1
9 876 877
10 876 10
18 876 322
18 876 129
18 876 290
16 878
17 878 1
9 878 879
10 878 10
18 878 239
18 878 31
18 878 164
16 880
17 880 1
9 880 881
10 880 10
18 880 314
18 880 279
16 882
17 882 1
9 882 883
10 882 10
18 882 113
18 882 58
18 882 95
18 882 314
16 884
17 884 1
9 884 885
10 884 10
18 884 3
18 884 31
18 884 173
16 886
17 886 1
9 886 887
10 886 10
18 886 174
18 886 95
18 886 239
18 886 270
16 888
17 888 1
9 888 889
10 888 10
18 888 57
18 888 21
16 890
17 890 1
9 890 891
10 890 10
18 890 30
18 890 155
18 890 233
16 892
17 892 1
9 892 893
10 892 10
18 892 327
18 892 321
16 894
17 894 1
9 894 895
10 894 10
18 894 112
18 894 31
18 894 233
18 894 3
16 896
17 896 1
9 896 897
10 896 10
18 896 271
18 896 217
18 896 113
18 896 13
19 896 12
16 898
17 898 1
9 898 899
10 898 10
18 898 30
18 898 191
18 898 48
18 898 182
19 898 232
16 900
17 900 1
9 900 901
10 900 10
18 900 233
18 900 3
16 902
17 902 1
9 902 903
10 902 10
18 902 322
18 902 207
16 904
17 904 1
9 904 905
10 904 10
18 904 130
18 904 85
18 904 190
16 906
17 906 1
9 906 907
10 906 10
18 906 190
18 906 13
18 906 270
18 906 246
16 908
17 908 1
9 908 909
10 908 10
18 908 95
18 908 39
16 910
17 910 1
9 910 911
10 910 10
18 910 104
18 910 13
18 910 30
16 912
17 912 1
9 912 913
10 912 10
18 912 13
18 912 154
18 912 306
18 912 66
16 914
17 914 1
9 914 915
10 914 10
18 914 300
18 914 239
18 914 279
18 914 200
16 916
17 916 1
9 916 917
10 916 10
18 916 321
18 916 164
18 916 327
18 916 181
19 916 102
16 918
17 918 1
9 918 919
10 918 10
18 918 154
18 918 146
18 918 334
16 920
17 920 1
9 920 921
10 920 10
18 920 31
18 920 94
18 920 67
16 922
17 922 1
9 922 923
10 922 10
18 922 181
18 922 39
18 922 112
16 924
17 924 1
9 924 925
10 924 10
18 924 306
18 924 299
18 924 66
18 924 164
16 926
17 926 1
9 926 927
10 926 10
18 926 164
18 926 191
18 926 207
18 926 208
16 928
17 928 1
9 928 929
10 928 10
18 928 299
18 928 246
18 928 190
18 928 280
16 930
17 930 1
9 930 931
10 930 10
18 930 94
18 930 270
18 930 253
16 932
17 932 1
9 932 933
10 932 10
18 932 3
18 932 129
18 932 113
18 932 190
16 934
17 934 1
9 934 935
10 934 10
18 934 306
18 934 155
19 934 93
16 936
17 936 1
9 936 937
10 936 10
18 936 22
18 936 84
18 936 280
16 938
17 938 1
9 938 939
10 938 10
18 938 21
18 938 322
18 938 207
16 940
17 940 1
9 940 941
10 940 10
18 940 173
18 940 314
16 942
17 942 1
9 942 943
10 942 10
18 942 21
18 942 66
16 944
17 944 1
9 944 945
10 944 10
18 944 208
18 944 239
18 944 181
19 944 2
16 946
17 946 1
9 946 947
10 946 10
18 946 103
18 946 239
16 948
17 948 1
9 948 949
10 948 10
18 948 299
18 948 95
16 950
17 950 1
9 950 951
10 950 10
18 950 182
18 950 191
18 950 94
19 950 215
16 952
17 952 1
9 952 953
10 952 10
18 952 113
18 952 279
19 952 12
16 954
17 954 1
9 954 955
10 954 10
18 954 22
18 954 322
16 956
17 956 1
9 956 957
10 956 10
18 956 322
18 956 174
16 958
17 958 1
9 958 959
10 958 10
18 958 155
18 958 66
18 958 94
16 960
17 960 1
9 960 961
10 960 10
18 960 290
18 960 21
16 962
17 962 1
9 962 963
10 962 10
18 962 146
18 962 57
18 962 322
18 962 121
16 964
17 964 1
9 964 965
10 964 10
18 964 31
18 964 121
18 964 225
16 966
17 966 1
9 966 967
10 966 10
18 966 48
18 966 216
18 966 30
16 968
17 968 1
9 968 969
10 968 10
18 968 181
18 968 217
18 968 322
18 968 30
16 970
17 970 1
9 970 971
10 970 10
18 970 300
18 970 190
16 972
17 972 1
9 972 973
10 972 10
18 972 85
18 972 279
18 972 22
18 972 200
16 974
17 974 1
9 974 975
10 974 10
18 974 322
18 974 253
19 974 163
16 976
17 976 1
9 976 977
10 976 10
18 976 31
18 976 13
18 976 261
19 976 65
16 978
17 978 1
9 978 979
10 978 10
18 978 103
18 978 94
18 978 334
18 978 290
16 980
17 980 1
9 980 981
10 980 10
18 980 75
18 980 306
18 980 113
16 982
17 982 1
9 982 983
10 982 10
18 982 182
18 982 21
18 982 155
16 984
17 984 1
9 984 985
10 984 10
18 984 280
18 984 239
18 984 103
18 984 217
16 986
17 986 1
9 986 987
10 986 10
18 986 173
18 986 299
18 986 261
16 988
17 988 1
9 988 989
10 988 10
18 988 182
18 988 289
18 988 261
19 988 47
16 990
17 990 1
9 990 991
10 990 10
18 990 48
18 990 289
18 990 253
19 990 278
16 992
17 992 1
9 992 993
10 992 10
18 992 164
18 992 200
18 992 174
16 994
17 994 1
9 994 995
10 994 10
18 994 182
18 994 113
18 994 129
16 996
17 996 1
9 996 997
10 996 10
18 996 174
18 996 94
18 996 130
18 996 314
16 998
17 998 1
9 998 999
10 998 10
18 998 113
18 998 290
18 998 217
16 1000
17 1000 1
9 1000 1001
10 1000 10
18 1000 225
18 1000 39
16 1002
17 1002 1
9 1002 1003
10 1002 10
18 1002 270
18 1002 66
18 1002 190
16 1004
17 1004 1
9 1004 1005
10 1004 10
18 1004 290
18 1004 112
18 1004 217
16 1006
17 1006 1
9 1006 1007
10 1006 10
18 1006 94
18 1006 75
19 1006 120
16 1008
17 1008 1
9 1008 1009
10 1008 10
18 1008 216
18 1008 322
18 1008 58
19 1008 215
16 1010
17 1010 1
9 1010 1011
10 1010 10
18 1010 113
18 1010 130
16 1012
17 1012 1
9 1012 1013
10 1012 10
18 1012 104
18 1012 174
16 1014
17 1014 1
9 1014 1015
10 1014 10
18 1014 129
18 1014 253
19 1014 215
16 1016
17 1016 1
9 1016 1017
10 1016 10
18 1016 270
18 1016 104
16 1018
17 1018 1
9 1018 1019
10 1018 10
18 1018 200
18 1018 67
18 1018 146
19 1018 102
16 1020
17 1020 1
9 1020 1021
10 1020 10
18 1020 94
18 1020 300
18 1020 85
16 1022
17 1022 1
9 1022 1023
10 1022 10
18 1022 22
18 1022 164
19 1022 93
16 1024
17 1024 1
9 1024 1025
10 1024 10
18 1024 225
18 1024 66
18 1024 216
16 1026
17 1026 1
9 1026 1027
10 1026 10
18 1026 322
18 1026 321
16 1028
17 1028 1
9 1028 1029
10 1028 10
18 1028 327
18 1028 84
18 1028 13
16 1030
17 1030 1
9 1030 1031
10 1030 10
18 1030 21
18 1030 164
16 1032
17 1032 1
9 1032 1033
10 1032 10
18 1032 300
18 1032 13
18 1032 121
18 1032 341
19 1032 215
16 1034
17 1034 1
9 1034 1035
10 1034 10
18 1034 174
18 1034 216
16 1036
17 1036 1
9 1036 1037
10 1036 10
18 1036 113
18 1036 181
18 1036 191
18 1036 146
16 1038
17 1038 1
9 1038 1039
10 1038 10
18 1038 290
18 1038 322
19 1038 232
16 1040
17 1040 1
9 1040 1041
10 1040 10
18 1040 130
18 1040 200
18 1040 75
18 1040 341
16 1042
17 1042 1
9 1042 1043
10 1042 10
18 1042 113
18 1042 239
18 1042 75
18 1042 182
16 1044
17 1044 1
9 1044 1045
10 1044 10
18 1044 279
18 1044 322
16 1046
17 1046 1
9 1046 1047
10 1046 10
18 1046 322
18 1046 112
18 1046 290
18 1046 239
16 1048
17 1048 1
9 1048 1049
10 1048 10
18 1048 334
18 1048 271
16 1050
17 1050 1
9 1050 1051
10 1050 10
18 1050 30
18 1050 146
18 1050 300
16 1052
17 1052 1
9 1052 1053
10 1052 10
18 1052 138
18 1052 253
18 1052 182
18 1052 75
16 1054
17 1054 1
9 1054 1055
10 1054 10
18 1054 299
18 1054 21
18 1054 138
18 1054 216
16 1056
17 1056 1
9 1056 1057
10 1056 10
18 1056 270
18 1056 138
18 1056 253
16 1058
17 1058 1
9 1058 1059
10 1058 10
18 1058 279
18 1058 154
18 1058 182
18 1058 95
16 1060
17 1060 1
9 1060 1061
10 1060 10
18 1060 299
18 1060 129
18 1060 314
18 1060 181
16 1062
17 1062 1
9 1062 1063
10 1062 10
18 1062 190
18 1062 155
18 1062 233
18 1062 341
19 1062 38
16 1064
17 1064 1
9 1064 1065
10 1064 10
18 1064 155
18 1064 306
18 1064 270
16 1066
17 1066 1
9 1066 1067
10 1066 10
18 1066 103
18 1066 181
16 1068
17 1068 1
9 1068 1069
10 1068 10
18 1068 174
18 1068 334
18 1068 48
18 1068 121
16 1070
17 1070 1
9 1070 1071
10 1070 10
18 1070 300
18 1070 225
16 1072
17 1072 1
9 1072 1073
10 1072 10
18 1072 155
18 1072 48
18 1072 253
18 1072 225
16 1074
17 1074 1
9 1074 1075
10 1074 10
18 1074 208
18 1074 154
18 1074 58
19 1074 29
16 1076
17 1076 1
9 1076 1077
10 1076 10
18 1076 233
18 1076 246
18 1076 121
18 1076 289
16 1078
17 1078 1
9 1078 1079
10 1078 10
18 1078 246
18 1078 334
16 1080
17 1080 1
9 1080 1081
10 1080 10
18 1080 21
18 1080 174
18 1080 173
18 1080 246
16 1082
17 1082 1
9 1082 1083
10 1082 10
18 1082 253
18 1082 146
18 1082 181
16 1084
17 1084 1
9 1084 1085
10 1084 10
18 1084 85
18 1084 66
18 1084 341
16 1086
17 1086 1
9 1086 1087
10 1086 10
18 1086 67
18 1086 129
18 1086 279
18 1086 327
16 1088
17 1088 1
9 1088 1089
10 1088 10
18 1088 322
18 1088 113
18 1088 146
18 1088 30
19 1088 83
16 1090
17 1090 1
9 1090 1091
10 1090 10
18 1090 190
18 1090 207
18 1090 138
16 1092
17 1092 1
9 1092 1093
10 1092 10
18 1092 164
18 1092 246
16 1094
17 1094 1
9 1094 1095
10 1094 10
18 1094 233
18 1094 322
18 1094 334
16 1096
17 1096 1
9 1096 1097
10 1096 10
18 1096 58
18 1096 164
18 1096 113
18 1096 233
16 1098
17 1098 1
9 1098 1099
10 1098 10
18 1098 191
18 1098 279
19 1098 120
16 1100
17 1100 1
9 1100 1101
10 1100 10
18 1100 121
18 1100 13
16 1102
17 1102 1
9 1102 1103
10 1102 10
18 1102 154
18 1102 173
16 1104
17 1104 1
9 1104 1105
10 1104 10
18 1104 246
18 1104 290
16 1106
17 1106 1
9 1106 1107
10 1106 10
18 1106 217
18 1106 173
18 1106 239
18 1106 271
16 1108
17 1108 1
9 1108 1109
10 1108 10
18 1108 225
18 1108 327
16 1110
17 1110 1
9 1110 1111
10 1110 10
18 1110 233
18 1110 84
18 1110 58
19 1110 12
16 1112
17 1112 1
9 1112 1113
10 1112 10
18 1112 75
18 1112 300
18 1112 280
18 1112 299
16 1114
17 1114 1
9 1114 1115
10 1114 10
18 1114 314
18 1114 39
16 1116
17 1116 1
9 1116 1117
10 1116 10
18 1116 207
18 1116 233
18 1116 95
18 1116 289
16 1118
17 1118 1
9 1118 1119
10 1118 10
18 1118 341
18 1118 191
18 1118 289
18 1118 130
16 1120
17 1120 1
9 1120 1121
10 1120 10
18 1120 146
18 1120 327
19 1120 199
16 1122
17 1122 1
9 1122 1123
10 1122 10
18 1122 225
18 1122 95
18 1122 13
18 1122 94
16 1124
17 1124 1
9 1124 1125
10 1124 10
18 1124 48
18 1124 216
18 1124 22
16 1126
17 1126 1
9 1126 1127
10 1126 10
18 1126 208
18 1126 66
18 1126 300
18 1126 341
19 1126 215
16 1128
17 1128 1
9 1128 1129
10 1128 10
18 1128 112
18 1128 314
16 1130
17 1130 1
9 1130 1131
10 1130 10
18 1130 341
18 1130 66
19 1130 12
16 1132
17 1132 1
9 1132 1133
10 1132 10
18 1132 3
18 1132 164
18 1132 327
18 1132 31
16 1134
17 1134 1
9 1134 1135
10 1134 10
18 1134 84
18 1134 103
18 1134 239
18 1134 334
16 1136
17 1136 1
9 1136 1137
10 1136 10
18 1136 30
18 1136 3
18 1136 138
16 1138
17 1138 1
9 1138 1139
10 1138 10
18 1138 190
18 1138 270
18 1138 138
18 1138 22
16 1140
17 1140 1
9 1140 1141
10 1140 10
18 1140 190
18 1140 208
18 1140 13
16 1142
17 1142 1
9 1142 1143
10 1142 10
18 1142 154
18 1142 322
18 1142 113
18 1142 239
16 1144
17 1144 1
9 1144 1145
10 1144 10
18 1144 300
18 1144 321
16 1146
17 1146 1
9 1146 1147
10 1146 10
18 1146 191
18 1146 95
16 1148
17 1148 1
9 1148 1149
10 1148 10
18 1148 129
18 1148 207
16 1150
17 1150 1
9 1150 1151
10 1150 10
18 1150 3
18 1150 113
18 1150 233
18 1150 322
16 1152
17 1152 1
9 1152 1153
10 1152 10
18 1152 164
18 1152 39
18 1152 84
19 1152 83
16 1154
17 1154 1
9 1154 1155
10 1154 10
18 1154 321
18 1154 191
18 1154 31
18 1154 30
16 1156
17 1156 1
9 1156 1157
10 1156 10
18 1156 314
18 1156 246
16 1158
17 1158 1
9 1158 1159
10 1158 10
18 1158 253
18 1158 31
18 1158 290
18 1158 75
16 1160
17 1160 1
9 1160 1161
10 1160 10
18 1160 261
18 1160 146
18 1160 300
18 1160 271
19 1160 65
16 1162
17 1162 1
9 1162 1163
10 1162 10
18 1162 290
18 1162 280
18 1162 130
18 1162 138
16 1164
17 1164 1
9 1164 1165
10 1164 10
18 1164 246
18 1164 58
18 1164 85
16 1166
17 1166 1
9 1166 1167
10 1166 10
18 1166 3
18 1166 155
18 1166 130
18 1166 207
16 1168
17 1168 1
9 1168 1169
10 1168 10
18 1168 182
18 1168 138
18 1168 341
18 1168 270
16 1170
17 1170 1
9 1170 1171
10 1170 10
18 1170 85
18 1170 300
19 1170 137
16 1172
17 1172 1
9 1172 1173
10 1172 10
18 1172 225
18 1172 174
18 1172 94
19 1172 172
16 1174
17 1174 1
9 1174 1175
10 1174 10
18 1174 21
18 1174 299
16 1176
17 1176 1
9 1176 1177
10 1176 10
18 1176 113
18 1176 104
18 1176 321
16 1178
17 1178 1
9 1178 1179
10 1178 10
18 1178 182
18 1178 270
18 1178 154
18 1178 39
16 1180
17 1180 1
9 1180 1181
10 1180 10
18 1180 21
18 1180 190
16 1182
17 1182 1
9 1182 1183
10 1182 10
18 1182 58
18 1182 104
16 1184
17 1184 1
9 1184 1185
10 1184 10
18 1184 341
18 1184 58
18 1184 75
18 1184 173
16 1186
17 1186 1
9 1186 1187
10 1186 10
18 1186 103
18 1186 164
18 1186 216
18 1186 174
16 1188
17 1188 1
9 1188 1189
10 1188 10
18 1188 30
18 1188 239
16 1190
17 1190 1
9 1190 1191
10 1190 10
18 1190 154
18 1190 280
18 1190 164
18 1190 181
16 1192
17 1192 1
9 1192 1193
10 1192 10
18 1192 103
18 1192 129
18 1192 191
16 1194
17 1194 1
9 1194 1195
10 1194 10
18 1194 121
18 1194 306
18 1194 322
18 1194 67
16 1196
17 1196 1
9 1196 1197
10 1196 10
18 1196 321
18 1196 164
18 1196 75
16 1198
17 1198 1
9 1198 1199
10 1198 10
18 1198 112
18 1198 181
19 1198 102
16 1200
17 1200 1
9 1200 1201
10 1200 10
18 1200 173
18 1200 306
19 1200 137
16 1202
17 1202 1
9 1202 1203
10 1202 10
18 1202 174
18 1202 13
19 1202 288
16 1204
17 1204 1
9 1204 1205
10 1204 10
18 1204 146
18 1204 200
18 1204 322
18 1204 164
16 1206
17 1206 1
9 1206 1207
10 1206 10
18 1206 39
18 1206 300
16 1208
17 1208 1
9 1208 1209
10 1208 10
18 1208 84
18 1208 217
18 1208 181
19 1208 206
16 1210
17 1210 1
9 1210 1211
10 1210 10
18 1210 233
18 1210 113
16 1212
17 1212 1
9 1212 1213
10 1212 10
18 1212 104
18 1212 191
18 1212 3
18 1212 21
16 1214
17 1214 1
9 1214 1215
10 1214 10
18 1214 341
18 1214 321
18 1214 280
18 1214 39
16 1216
17 1216 1
9 1216 1217
10 1216 10
18 1216 85
18 1216 95
19 1216 2
16 1218
17 1218 1
9 1218 1219
10 1218 10
18 1218 155
18 1218 327
18 1218 164
16 1220
17 1220 1
9 1220 1221
10 1220 10
18 1220 261
18 1220 113
18 1220 289
19 1220 145
16 1222
17 1222 1
9 1222 1223
10 1222 10
18 1222 112
18 1222 314
16 1224
17 1224 1
9 1224 1225
10 1224 10
18 1224 253
18 1224 58
16 1226
17 1226 1
9 1226 1227
10 1226 10
18 1226 94
18 1226 289
18 1226 279
18 1226 173
16 1228
17 1228 1
9 1228 1229
10 1228 10
18 1228 246
18 1228 300
19 1228 74
16 1230
17 1230 1
9 1230 1231
10 1230 10
18 1230 191
18 1230 67
19 1230 163
16 1232
17 1232 1
9 1232 1233
10 1232 10
18 1232 66
18 1232 58
18 1232 327
18 1232 31
19 1232 163
16 1234
17 1234 1
9 1234 1235
10 1234 10
18 1234 84
18 1234 271
18 1234 138
18 1234 121
16 1236
17 1236 1
9 1236 1237
10 1236 10
18 1236 155
18 1236 217
19 1236 38
16 1238
17 1238 1
9 1238 1239
10 1238 10
18 1238 327
18 1238 280
16 1240
17 1240 1
9 1240 1241
10 1240 10
18 1240 334
18 1240 121
18 1240 30
18 1240 22
19 1240 56
16 1242
17 1242 1
9 1242 1243
10 1242 10
18 1242 299
18 1242 322
18 1242 112
18 1242 146
19 1242 128
16 1244
17 1244 1
9 1244 1245
10 1244 10
18 1244 94
18 1244 200
18 1244 113
18 1244 289
16 1246
17 1246 1
9 1246 1247
10 1246 10
18 1246 3
18 1246 322
18 1246 191
16 1248
17 1248 1
9 1248 1249
10 1248 10
18 1248 233
18 1248 57
18 1248 113
18 1248 164
19 1248 93
16 1250
17 1250 1
9 1250 1251
10 1250 10
18 1250 58
18 1250 13
18 1250 225
16 1252
17 1252 1
9 1252 1253
10 1252 10
18 1252 299
18 1252 31
18 1252 84
18 1252 270
19 1252 215
16 1254
17 1254 1
9 1254 1255
10 1254 10
18 1254 85
18 1254 306
18 1254 154
16 1256
17 1256 1
9 1256 1257
10 1256 10
18 1256 121
18 1256 174
18 1256 239
18 1256 279
16 1258
17 1258 1
9 1258 1259
10 1258 10
18 1258 174
18 1258 216
18 1258 208
18 1258 182
19 1258 189
16 1260
17 1260 1
9 1260 1261
10 1260 10
18 1260 208
18 1260 3
18 1260 314
18 1260 327
16 1262
17 1262 1
9 1262 1263
10 1262 10
18 1262 300
18 1262 103
18 1262 341
16 1264
17 1264 1
9 1264 1265
10 1264 10
18 1264 322
18 1264 327
16 1266
17 1266 1
9 1266 1267
10 1266 10
18 1266 104
18 1266 138
18 1266 239
16 1268
17 1268 1
9 1268 1269
10 1268 10
18 1268 31
18 1268 103
18 1268 253
18 1268 154
16 1270
17 1270 1
9 1270 1271
10 1270 10
18 1270 173
18 1270 155
18 1270 129
18 1270 164
16 1272
17 1272 1
9 1272 1273
10 1272 10
18 1272 94
18 1272 261
16 1274
17 1274 1
9 1274 1275
10 1274 10
18 1274 334
18 1274 173
16 1276
17 1276 1
9 1276 1277
10 1276 10
18 1276 146
18 1276 75
18 1276 94
18 1276 314
16 1278
17 1278 1
9 1278 1279
10 1278 10
18 1278 75
18 1278 103
18 1278 67
19 1278 83
16 1280
17 1280 1
9 1280 1281
10 1280 10
18 1280 75
18 1280 173
18 1280 174
16 1282
17 1282 1
9 1282 1283
10 1282 10
18 1282 334
18 1282 164
18 1282 233
18 1282 112
16 1284
17 1284 1
9 1284 1285
10 1284 10
18 1284 322
18 1284 314
18 1284 58
18 1284 280
16 1286
17 1286 1
9 1286 1287
10 1286 10
18 1286 290
18 1286 30
16 1288
17 1288 1
9 1288 1289
10 1288 10
18 1288 334
18 1288 94
18 1288 190
16 1290
17 1290 1
9 1290 1291
10 1290 10
18 1290 216
18 1290 84
18 1290 225
18 1290 57
19 1290 12
16 1292
17 1292 1
9 1292 1293
10 1292 10
18 1292 289
18 1292 233
18 1292 290
16 1294
17 1294 1
9 1294 1295
10 1294 10
18 1294 261
18 1294 239
16 1296
17 1296 1
9 1296 1297
10 1296 10
18 1296 75
18 1296 207
18 1296 327
16 1298
17 1298 1
9 1298 1299
10 1298 10
18 1298 216
18 1298 21
18 1298 164
16 1300
17 1300 1
9 1300 1301
10 1300 10
18 1300 306
18 1300 104
16 1302
17 1302 1
9 1302 1303
10 1302 10
18 1302 3
18 1302 300
18 1302 164
18 1302 75
16 1304
17 1304 1
9 1304 1305
10 1304 10
18 1304 290
18 1304 30
18 1304 327
18 1304 246
16 1306
17 1306 1
9 1306 1307
10 1306 10
18 1306 130
18 1306 155
16 1308
17 1308 1
9 1308 1309
10 1308 10
18 1308 30
18 1308 154
16 1310
17 1310 1
9 1310 1311
10 1310 10
18 1310 289
18 1310 182
19 1310 172
16 1312
17 1312 1
9 1312 1313
10 1312 10
18 1312 217
18 1312 261
16 1314
17 1314 1
9 1314 1315
10 1314 10
18 1314 103
18 1314 95
18 1314 154
16 1316
17 1316 1
9 1316 1317
10 1316 10
18 1316 58
18 1316 13
18 1316 314
18 1316 289
19 1316 120
16 1318
17 1318 1
9 1318 1319
10 1318 10
18 1318 321
18 1318 103
16 1320
17 1320 1
9 1320 1321
10 1320 10
18 1320 271
18 1320 253
16 1322
17 1322 1
9 1322 1323
10 1322 10
18 1322 173
18 1322 233
16 1324
17 1324 1
9 1324 1325
10 1324 10
18 1324 173
18 1324 155
16 1326
17 1326 1
9 1326 1327
10 1326 10
18 1326 271
18 1326 94
18 1326 113
16 1328
17 1328 1
9 1328 1329
10 1328 10
18 1328 271
18 1328 155
16 1330
17 1330 1
9 1330 1331
10 1330 10
18 1330 30
18 1330 174
18 1330 75
18 1330 191
16 1332
17 1332 1
9 1332 1333
10 1332 10
18 1332 191
18 1332 207
16 1334
17 1334 1
9 1334 1335
10 1334 10
18 1334 84
18 1334 164
18 1334 48
16 1336
17 1336 1
9 1336 1337
10 1336 10
18 1336 334
18 1336 225
18 1336 322
16 1338
17 1338 1
9 1338 1339
10 1338 10
18 1338 280
18 1338 200
18 1338 95
16 1340
17 1340 1
9 1340 1341
10 1340 10
18 1340 138
18 1340 270
18 1340 190
16 1342
17 1342 1
9 1342 1343
10 1342 10
18 1342 191
18 1342 253
18 1342 48
16 1344
17 1344 1
9 1344 1345
10 1344 10
18 1344 174
18 1344 95
16 1346
17 1346 1
9 1346 1347
10 1346 10
18 1346 289
18 1346 306
18 1346 58
16 1348
17 1348 1
9 1348 1349
10 1348 10
18 1348 207
18 1348 67
18 1348 3
18 1348 327
16 1350
17 1350 1
9 1350 1351
10 1350 10
18 1350 112
18 1350 322
18 1350 22
18 1350 85
16 1352
17 1352 1
9 1352 1353
10 1352 10
18 1352 253
18 1352 217
18 1352 66
18 1352 39
16 1354
17 1354 1
9 1354 1355
10 1354 10
18 1354 314
18 1354 13
16 1356
17 1356 1
9 1356 1357
10 1356 10
18 1356 130
18 1356 95
19 1356 163
16 1358
17 1358 1
9 1358 1359
10 1358 10
18 1358 84
18 1358 208
16 1360
17 1360 1
9 1360 1361
10 1360 10
18 1360 13
18 1360 138
19 1360 83
16 1362
17 1362 1
9 1362 1363
10 1362 10
18 1362 217
18 1362 190
18 1362 30
16 1364
17 1364 1
9 1364 1365
10 1364 10
18 1364 112
18 1364 30
18 1364 207
18 1364 48
16 1366
17 1366 1
9 1366 1367
10 1366 10
18 1366 13
18 1366 190
16 1368
17 1368 1
9 1368 1369
10 1368 10
18 1368 300
18 1368 279
19 1368 206
16 1370
17 1370 1
9 1370 1371
10 1370 10
18 1370 121
18 1370 208
18 1370 173
16 1372
17 1372 1
9 1372 1373
10 1372 10
18 1372 121
18 1372 321
18 1372 322
16 1374
17 1374 1
9 1374 1375
10 1374 10
18 1374 208
18 1374 314
18 1374 66
16 1376
17 1376 1
9 1376 1377
10 1376 10
18 1376 154
18 1376 129
16 1378
17 1378 1
9 1378 1379
10 1378 10
18 1378 217
18 1378 112
16 1380
17 1380 1
9 1380 1381
10 1380 10
18 1380 85
18 1380 173
16 1382
17 1382 1
9 1382 1383
10 1382 10
18 1382 279
18 1382 334
18 1382 200
16 1384
17 1384 1
9 1384 1385
10 1384 10
18 1384 95
18 1384 22
16 1386
17 1386 1
9 1386 1387
10 1386 10
18 1386 75
18 1386 191
19 1386 278
16 1388
17 1388 1
9 1388 1389
10 1388 10
18 1388 112
18 1388 239
18 1388 66
18 1388 341
16 1390
17 1390 1
9 1390 1391
10 1390 10
18 1390 246
18 1390 21
19 1390 145
16 1392
17 1392 1
9 1392 1393
10 1392 10
18 1392 31
18 1392 75
18 1392 300
18 1392 58
16 1394
17 1394 1
9 1394 1395
10 1394 10
18 1394 182
18 1394 300
18 1394 174
18 1394 306
16 1396
17 1396 1
9 1396 1397
10 1396 10
18 1396 66
18 1396 58
18 1396 84
16 1398
17 1398 1
9 1398 1399
10 1398 10
18 1398 146
18 1398 104
18 1398 191
16 1400
17 1400 1
9 1400 1401
10 1400 10
18 1400 164
18 1400 314
16 1402
17 1402 1
9 1402 1403
10 1402 10
18 1402 181
18 1402 85
16 1404
17 1404 1
9 1404 1405
10 1404 10
18 1404 138
18 1404 31
16 1406
17 1406 1
9 1406 1407
10 1406 10
18 1406 95
18 1406 85
18 1406 22
16 1408
17 1408 1
9 1408 1409
10 1408 10
18 1408 299
18 1408 327
18 1408 306
20 1410
17 1410 1
9 1410 1411
10 1410 10
18 1410 87
18 1410 335
18 1410 272
5 1410 53
19 1410 238
20 1412
17 1412 1
9 1412 1413
10 1412 10
18 1412 184
18 1412 336
18 1412 192
5 1412 1414
19 1412 215
20 1415
17 1415 1
9 1415 1416
10 1415 10
18 1415 131
18 1415 262
5 1415 1417
19 1415 83
20 1418
17 1418 1
9 1418 1419
10 1418 10
18 1418 115
18 1418 219
5 1418 1420
19 1418 199
20 1421
17 1421 1
9 1421 1422
10 1421 10
18 1421 307
18 1421 76
5 1421 89
19 1421 145
20 1423
17 1423 1
9 1423 1424
10 1423 10
18 1423 77
5 1423 1425
19 1423 38
20 1426
17 1426 1
9 1426 1427
10 1426 10
18 1426 165
18 1426 87
18 1426 255
5 1426 293
19 1426 29
20 1428
17 1428 1
9 1428 1429
10 1428 10
18 1428 165
5 1428 1430
19 1428 65
20 1431
17 1431 1
9 1431 1432
10 1431 10
18 1431 301
18 1431 192
18 1431 68
5 1431 1433
19 1431 74
20 1434
17 1434 1
9 1434 1435
10 1434 10
18 1434 175
18 1434 114
5 1434 1436
19 1434 206
20 1437
17 1437 1
9 1437 1438
10 1437 10
18 1437 263
18 1437 23
5 1437 1439
19 1437 232
20 1440
17 1440 1
9 1440 1441
10 1440 10
18 1440 32
5 1440 1442
19 1440 47
20 1443
17 1443 1
9 1443 1444
10 1443 10
18 1443 32
18 1443 291
5 1443 124
19 1443 260
20 1445
17 1445 1
9 1445 1446
10 1445 10
18 1445 115
5 1445 1447
19 1445 189
20 1448
17 1448 1
9 1448 1449
10 1448 10
18 1448 209
18 1448 165
5 1448 1450
19 1448 224
20 1451
17 1451 1
9 1451 1452
10 1451 10
18 1451 292
18 1451 147
18 1451 165
5 1451 1453
19 1451 232
20 1454
17 1454 1
9 1454 1455
10 1454 10
18 1454 291
18 1454 183
5 1454 1456
19 1454 215
20 1457
17 1457 1
9 1457 1458
10 1457 10
18 1457 219
5 1457 1459
19 1457 74
20 1460
17 1460 1
9 1460 1461
10 1460 10
18 1460 32
5 1460 1462
19 1460 189
20 1463
17 1463 1
9 1463 1464
10 1463 10
18 1463 328
18 1463 50
5 1463 1465
19 1463 199
20 1466
17 1466 1
9 1466 1467
10 1466 10
18 1466 263
5 1466 34
19 1466 232
20 1468
17 1468 1
9 1468 1469
10 1468 10
18 1468 335
18 1468 166
5 1468 1470
19 1468 65
20 1471
17 1471 1
9 1471 1472
10 1471 10
18 1471 87
18 1471 323
5 1471 1473
19 1471 288
20 1474
17 1474 1
9 1474 1475
10 1474 10
18 1474 131
18 1474 234
5 1474 1476
19 1474 65
20 1477
17 1477 1
9 1477 1478
10 1477 10
18 1477 147
18 1477 219
5 1477 1479
19 1477 224
20 1480
17 1480 1
9 1480 1481
10 1480 10
18 1480 165
18 1480 292
5 1480 1482
19 1480 47
20 1483
17 1483 1
9 1483 1484
10 1483 10
18 1483 50
5 1483 1485
19 1483 252
20 1486
17 1486 1
9 1486 1487
10 1486 10
18 1486 335
5 1486 1488
19 1486 65
20 1489
17 1489 1
9 1489 1490
10 1489 10
18 1489 14
18 1489 329
18 1489 308
5 1489 1491
19 1489 153
20 1492
17 1492 1
9 1492 1493
10 1492 10
18 1492 96
18 1492 105
5 1492 1494
19 1492 102
20 1495
17 1495 1
9 1495 1496
10 1495 10
18 1495 97
18 1495 291
5 1495 1497
19 1495 163
20 1498
17 1498 1
9 1498 1499
10 1498 10
18 1498 328
18 1498 342
5 1498 1453
19 1498 74
20 1500
17 1500 1
9 1500 1501
10 1500 10
18 1500 14
18 1500 105
5 1500 1502
19 1500 20
20 1503
17 1503 1
9 1503 1504
10 1503 10
18 1503 308
18 1503 209
18 1503 97
5 1503 1505
19 1503 206
20 1506
17 1506 1
9 1506 1507
10 1506 10
18 1506 97
18 1506 184
18 1506 329
5 1506 1508
19 1506 238
20 1509
17 1509 1
9 1509 1510
10 1509 10
18 1509 254
5 1509 227
19 1509 189
20 1511
17 1511 1
9 1511 1512
10 1511 10
18 1511 50
5 1511 1513
19 1511 111
20 1514
17 1514 1
9 1514 1515
10 1514 10
18 1514 114
18 1514 210
5 1514 344
19 1514 20
20 1516
17 1516 1
9 1516 1517
10 1516 10
18 1516 77
18 1516 292
5 1516 1518
19 1516 189
20 1519
17 1519 1
9 1519 1520
10 1519 10
18 1519 323
18 1519 282
18 1519 272
5 1519 1462
19 1519 180
20 1521
17 1521 1
9 1521 1522
10 1521 10
18 1521 323
18 1521 105
5 1521 1523
19 1521 153
20 1524
17 1524 1
9 1524 1525
10 1524 10
18 1524 336
18 1524 33
5 1524 123
19 1524 278
20 1526
17 1526 1
9 1526 1527
10 1526 10
18 1526 342
5 1526 1528
19 1526 252
20 1529
17 1529 1
9 1529 1530
10 1529 10
18 1529 33
5 1529 1531
19 1529 137
20 1532
17 1532 1
9 1532 1533
10 1532 10
18 1532 105
18 1532 4
18 1532 254
5 1532 1534
19 1532 163
20 1535
17 1535 1
9 1535 1536
10 1535 10
18 1535 68
18 1535 114
5 1535 1537
19 1535 120
20 1538
17 1538 1
9 1538 1539
10 1538 10
18 1538 147
5 1538 1540
19 1538 206
20 1541
17 1541 1
9 1541 1542
10 1541 10
18 1541 336
18 1541 209
18 1541 175
5 1541 1543
19 1541 238
20 1544
17 1544 1
9 1544 1545
10 1544 10
18 1544 315
5 1544 1546
19 1544 2
20 1547
17 1547 1
9 1547 1548
10 1547 10
18 1547 201
5 1547 1549
19 1547 278
20 1550
17 1550 1
9 1550 1551
10 1550 10
18 1550 292
5 1550 52
19 1550 137
20 1552
17 1552 1
9 1552 1553
10 1552 10
18 1552 235
18 1552 184
5 1552 1554
19 1552 47
20 1555
17 1555 1
9 1555 1556
10 1555 10
18 1555 87
5 1555 1557
19 1555 20
20 1558
17 1558 1
9 1558 1559
10 1558 10
18 1558 235
5 1558 1560
19 1558 83
20 1561
17 1561 1
9 1561 1562
10 1561 10
18 1561 33
5 1561 1563
19 1561 245
20 1564
17 1564 1
9 1564 1565
10 1564 10
18 1564 281
5 1564 1566
19 1564 238
20 1567
17 1567 1
9 1567 1568
10 1567 10
18 1567 307
18 1567 50
18 1567 105
5 1567 1569
19 1567 65
20 1570
17 1570 1
9 1570 1571
10 1570 10
18 1570 131
5 1570 1572
19 1570 172
20 1573
17 1573 1
9 1573 1574
10 1573 10
18 1573 218
5 1573 1575
19 1573 278
20 1576
17 1576 1
9 1576 1577
10 1576 10
18 1576 291
5 1576 1578
19 1576 180
20 1579
17 1579 1
9 1579 1580
10 1579 10
18 1579 281
18 1579 210
18 1579 68
5 1579 1581
19 1579 278
20 1582
17 1582 1
9 1582 1583
10 1582 10
18 1582 262
18 1582 209
18 1582 240
5 1582 204
19 1582 65
20 1584
17 1584 1
9 1584 1585
10 1584 10
18 1584 68
18 1584 157
5 1584 1586
19 1584 56
20 1587
17 1587 1
9 1587 1588
10 1587 10
18 1587 139
5 1587 1589
19 1587 269
20 1590
17 1590 1
9 1590 1591
10 1590 10
18 1590 272
18 1590 106
18 1590 323
5 1590 1592
19 1590 137
20 1593
17 1593 1
9 1593 1594
10 1593 10
18 1593 329
18 1593 40
5 1593 1595
19 1593 232
20 1596
17 1596 1
9 1596 1597
10 1596 10
18 1596 59
5 1596 1598
19 1596 29
20 1599
17 1599 1
9 1599 1600
10 1599 10
18 1599 315
18 1599 69
5 1599 1601
19 1599 215
20 1602
17 1602 1
9 1602 1603
10 1602 10
18 1602 336
5 1602 1604
19 1602 74
20 1605
17 1605 1
9 1605 1606
10 1605 10
18 1605 33
5 1605 1607
19 1605 47
20 1608
17 1608 1
9 1608 1609
10 1608 10
18 1608 234
18 1608 131
5 1608 1610
19 1608 206
20 1611
17 1611 1
9 1611 1612
10 1611 10
18 1611 336
18 1611 23
5 1611 1613
19 1611 65
20 1614
17 1614 1
9 1614 1615
10 1614 10
18 1614 273
18 1614 40
18 1614 175
5 1614 1616
19 1614 278
20 1617
17 1617 1
9 1617 1618
10 1617 10
18 1617 336
18 1617 254
5 1617 1619
19 1617 93
20 1620
17 1620 1
9 1620 1621
10 1620 10
18 1620 157
18 1620 210
5 1620 1622
19 1620 102
20 1623
17 1623 1
9 1623 1624
10 1623 10
18 1623 291
18 1623 165
18 1623 234
5 1623 1625
19 1623 20
20 1626
17 1626 1
9 1626 1627
10 1626 10
18 1626 192
18 1626 254
18 1626 292
5 1626 1628
19 1626 252
20 1629
17 1629 1
9 1629 1630
10 1629 10
18 1629 114
5 1629 220
19 1629 145
20 1631
17 1631 1
9 1631 1632
10 1631 10
18 1631 201
18 1631 308
18 1631 131
5 1631 1633
19 1631 120
20 1634
17 1634 1
9 1634 1635
10 1634 10
18 1634 263
5 1634 1636
19 1634 137
20 1637
17 1637 1
9 1637 1638
10 1637 10
18 1637 76
18 1637 156
18 1637 282
5 1637 1639
19 1637 189
20 1640
17 1640 1
9 1640 1641
10 1640 10
18 1640 328
18 1640 156
18 1640 32
5 1640 1642
19 1640 238
20 1643
17 1643 1
9 1643 1644
10 1643 10
18 1643 291
18 1643 69
18 1643 122
5 1643 1645
19 1643 93
20 1646
17 1646 1
9 1646 1647
10 1646 10
18 1646 209
18 1646 40
5 1646 1648
19 1646 102
20 1649
17 1649 1
9 1649 1650
10 1649 10
18 1649 335
5 1649 1651
19 1649 47
20 1652
17 1652 1
9 1652 1653
10 1652 10
18 1652 328
5 1652 1654
19 1652 47
20 1655
17 1655 1
9 1655 1656
10 1655 10
18 1655 210
18 1655 308
5 1655 1657
19 1655 224
20 1658
17 1658 1
9 1658 1659
10 1658 10
18 1658 273
18 1658 234
18 1658 139
5 1658 1660
19 1658 120
20 1661
17 1661 1
9 1661 1662
10 1661 10
18 1661 147
5 1661 1663
19 1661 128
20 1664
17 1664 1
9 1664 1665
10 1664 10
18 1664 14
5 1664 1666
19 1664 278
20 1667
17 1667 1
9 1667 1668
10 1667 10
18 1667 210
18 1667 50
5 1667 1669
19 1667 111
20 1670
17 1670 1
9 1670 1671
10 1670 10
18 1670 23
18 1670 263
5 1670 1672
19 1670 56
20 1673
17 1673 1
9 1673 1674
10 1673 10
18 1673 335
18 1673 97
18 1673 263
5 1673 1560
19 1673 206
20 1675
17 1675 1
9 1675 1676
10 1675 10
18 1675 281
5 1675 1677
19 1675 111
20 1678
17 1678 1
9 1678 1679
10 1678 10
18 1678 323
18 1678 315
18 1678 234
5 1678 1680
19 1678 245
20 1681
17 1681 1
9 1681 1682
10 1681 10
18 1681 210
5 1681 1683
19 1681 172
20 1684
17 1684 1
9 1684 1685
10 1684 10
18 1684 324
18 1684 262
18 1684 234
5 1684 1683
19 1684 288
20 1686
17 1686 1
9 1686 1687
10 1686 10
18 1686 308
5 1686 1688
19 1686 232
20 1689
17 1689 1
9 1689 1690
10 1689 10
18 1689 335
5 1689 1691
19 1689 12
20 1692
17 1692 1
9 1692 1693
10 1692 10
18 1692 218
18 1692 192
18 1692 282
5 1692 1694
19 1692 260
20 1695
17 1695 1
9 1695 1696
10 1695 10
18 1695 32
5 1695 89
19 1695 111
20 1697
17 1697 1
9 1697 1698
10 1697 10
18 1697 336
18 1697 4
5 1697 1699
19 1697 65
20 1700
17 1700 1
9 1700 1701
10 1700 10
18 1700 301
5 1700 1702
19 1700 145
20 1703
17 1703 1
9 1703 1704
10 1703 10
18 1703 86
5 1703 1705
19 1703 199
20 1706
17 1706 1
9 1706 1707
10 1706 10
18 1706 49
18 1706 157
18 1706 342
5 1706 1708
19 1706 278
20 1709
17 1709 1
9 1709 1710
10 1709 10
18 1709 247
5 1709 1711
19 1709 153
20 1712
17 1712 1
9 1712 1713
10 1712 10
18 1712 96
5 1712 1714
19 1712 224
20 1715
17 1715 1
9 1715 1716
10 1715 10
18 1715 175
18 1715 106
18 1715 5
5 1715 1717
19 1715 153
20 1718
17 1718 1
9 1718 1719
10 1718 10
18 1718 115
5 1718 1720
19 1718 145
20 1721
17 1721 1
9 1721 1722
10 1721 10
18 1721 336
5 1721 1723
19 1721 172
20 1724
17 1724 1
9 1724 1725
10 1724 10
18 1724 165
18 1724 139
5 1724 1726
19 1724 47
20 1727
17 1727 1
9 1727 1728
10 1727 10
18 1727 87
18 1727 97
5 1727 1729
19 1727 252
20 1730
17 1730 1
9 1730 1731
10 1730 10
18 1730 175
18 1730 201
5 1730 1732
19 1730 172
20 1733
17 1733 1
9 1733 1734
10 1733 10
18 1733 139
18 1733 263
18 1733 210
5 1733 1735
19 1733 128
20 1736
17 1736 1
9 1736 1737
10 1736 10
18 1736 49
18 1736 87
18 1736 342
5 1736 1738
19 1736 38
20 1739
17 1739 1
9 1739 1740
10 1739 10
18 1739 14
18 1739 69
5 1739 1741
19 1739 47
20 1742
17 1742 1
9 1742 1743
10 1742 10
18 1742 308
18 1742 240
5 1742 141
19 1742 215
20 1744
17 1744 1
9 1744 1745
10 1744 10
18 1744 254
18 1744 5
5 1744 1746
19 1744 145
20 1747
17 1747 1
9 1747 1748
10 1747 10
18 1747 292
18 1747 235
18 1747 209
5 1747 1749
19 1747 260
20 1750
17 1750 1
9 1750 1751
10 1750 10
18 1750 254
5 1750 1752
19 1750 245
20 1753
17 1753 1
9 1753 1754
10 1753 10
18 1753 329
5 1753 1755
19 1753 245
20 1756
17 1756 1
9 1756 1757
10 1756 10
18 1756 106
5 1756 1758
19 1756 20
20 1759
17 1759 1
9 1759 1760
10 1759 10
18 1759 23
5 1759 1761
19 1759 20
20 1762
17 1762 1
9 1762 1763
10 1762 10
18 1762 68
18 1762 335
5 1762 303
19 1762 224
20 1764
17 1764 1
9 1764 1765
10 1764 10
18 1764 342
18 1764 76
18 1764 4
5 1764 1766
19 1764 224
20 1767
17 1767 1
9 1767 1768
10 1767 10
18 1767 308
18 1767 175
5 1767 1769
19 1767 163
20 1770
17 1770 1
9 1770 1771
10 1770 10
18 1770 219
18 1770 315
18 1770 77
5 1770 1772
19 1770 74
20 1773
17 1773 1
9 1773 1774
10 1773 10
18 1773 183
5 1773 1775
19 1773 172
20 1776
17 1776 1
9 1776 1777
10 1776 10
18 1776 235
18 1776 147
18 1776 291
5 1776 1778
19 1776 245
20 1779
17 1779 1
9 1779 1780
10 1779 10
18 1779 219
18 1779 336
18 1779 291
5 1779 1781
19 1779 153
20 1782
17 1782 1
9 1782 1783
10 1782 10
18 1782 23
5 1782 1784
19 1782 12
20 1785
17 1785 1
9 1785 1786
10 1785 10
18 1785 193
18 1785 240
5 1785 1787
19 1785 260
20 1788
17 1788 1
9 1788 1789
10 1788 10
18 1788 209
5 1788 1790
19 1788 38
20 1791
17 1791 1
9 1791 1792
10 1791 10
18 1791 114
18 1791 308
18 1791 282
5 1791 178
19 1791 288
20 1793
17 1793 1
9 1793 1794
10 1793 10
18 1793 235
18 1793 97
18 1793 307
5 1793 1795
19 1793 172
20 1796
17 1796 1
9 1796 1797
10 1796 10
18 1796 68
18 1796 40
18 1796 50
5 1796 1798
19 1796 238
20 1799
17 1799 1
9 1799 1800
10 1799 10
18 1799 292
5 1799 1801
19 1799 215
20 1802
17 1802 1
9 1802 1803
10 1802 10
18 1802 247
18 1802 40
5 1802 1702
19 1802 238
20 1804
17 1804 1
9 1804 1805
10 1804 10
18 1804 335
18 1804 281
18 1804 86
5 1804 1806
19 1804 74
20 1807
17 1807 1
9 1807 1808
10 1807 10
18 1807 68
5 1807 1809
19 1807 278
20 1810
17 1810 1
9 1810 1811
10 1810 10
18 1810 5
18 1810 342
5 1810 1812
19 1810 232
20 1813
17 1813 1
9 1813 1814
10 1813 10
18 1813 234
18 1813 323
5 1813 236
19 1813 65
20 1815
17 1815 1
9 1815 1816
10 1815 10
18 1815 219
18 1815 335
18 1815 4
5 1815 1817
19 1815 172
20 1818
17 1818 1
9 1818 1819
10 1818 10
18 1818 282
18 1818 262
18 1818 131
5 1818 1820
19 1818 278
20 1821
17 1821 1
9 1821 1822
10 1821 10
18 1821 68
18 1821 115
5 1821 60
19 1821 232
20 1823
17 1823 1
9 1823 1824
10 1823 10
18 1823 156
18 1823 33
18 1823 23
5 1823 1473
19 1823 269
21 1825
2 1825 1
21 1826
2 1826 1
21 1827
2 1827 1
21 1828
2 1828 1
21 1829
2 1829 1
21 1830
2 1830 1
21 1831
2 1831 1
21 1832
2 1832 1
21 1833
2 1833 1
21 1834
2 1834 1
22 1835
23 1835 2
23 1835 1582
22 1836
23 1836 2
22 1837
23 1837 2
22 1838
23 1838 2
23 1838 1415
23 1838 1724
22 1839
23 1839 2
23 1839 1415
23 1839 1788
22 1840
23 1840 2
23 1840 1764
22 1841
23 1841 2
22 1842
23 1842 2
23 1842 1532
22 1843
23 1843 2
23 1843 1802
22 1844
23 1844 2
22 1845
23 1845 2
23 1845 1807
22 1846
23 1846 2
22 1847
23 1847 2
23 1847 1466
22 1848
23 1848 2
23 1848 1564
23 1848 1658
22 1849
23 1849 2
23 1849 1410
22 1850
23 1850 2
23 1850 1799
22 1851
23 1851 12
22 1852
23 1852 12
22 1853
23 1853 12
23 1853 1483
22 1854
23 1854 12
23 1854 1727
23 1854 1788
22 1855
23 1855 12
22 1856
23 1856 12
22 1857
23 1857 12
22 1858
23 1858 12
22 1859
23 1859 12
22 1860
23 1860 12
23 1860 1541
23 1860 1721
22 1861
23 1861 12
23 1861 1514
22 1862
23 1862 12
22 1863
23 1863 12
23 1863 1744
22 1864
23 1864 12
22 1865
23 1865 12
22 1866
23 1866 12
23 1866 1570
22 1867
23 1867 12
22 1868
23 1868 12
23 1868 1477
23 1868 1655
22 1869
23 1869 12
23 1869 1423
23 1869 1437
22 1870
23 1870 12
23 1870 1466
23 1870 1544
22 1871
23 1871 20
22 1872
23 1872 20
22 1873
23 1873 20
23 1873 1646
23 1873 1821
22 1874
23 1874 20
22 1875
23 1875 20
23 1875 1776
22 1876
23 1876 20
22 1877
23 1877 20
22 1878
23 1878 20
22 1879
23 1879 20
23 1879 1813
22 1880
23 1880 20
22 1881
23 1881 20
23 1881 1576
23 1881 1652
22 1882
23 1882 20
23 1882 1564
22 1883
23 1883 20
23 1883 1445
22 1884
23 1884 20
23 1884 1410
23 1884 1440
23 1884 1495
23 1884 1813
22 1885
23 1885 20
23 1885 1579
22 1886
23 1886 20
23 1886 1516
22 1887
23 1887 20
22 1888
23 1888 20
23 1888 1802
22 1889
23 1889 29
23 1889 1443
22 1890
23 1890 29
23 1890 1744
22 1891
23 1891 29
23 1891 1451
23 1891 1739
23 1891 1750
22 1892
23 1892 29
22 1893
23 1893 29
23 1893 1547
23 1893 1555
23 1893 1626
23 1893 1684
22 1894
23 1894 29
23 1894 1813
22 1895
23 1895 29
22 1896
23 1896 29
23 1896 1684
22 1897
23 1897 29
23 1897 1503
22 1898
23 1898 29
23 1898 1503
22 1899
23 1899 29
23 1899 1770
22 1900
23 1900 29
22 1901
23 1901 29
23 1901 1468
23 1901 1620
23 1901 1629
23 1901 1706
22 1902
23 1902 29
22 1903
23 1903 29
23 1903 1782
22 1904
23 1904 29
23 1904 1495
22 1905
23 1905 38
23 1905 1468
22 1906
23 1906 38
23 1906 1526
22 1907
23 1907 38
23 1907 1605
23 1907 1785
22 1908
23 1908 38
23 1908 1506
22 1909
23 1909 38
23 1909 1437
22 1910
23 1910 38
22 1911
23 1911 38
23 1911 1576
22 1912
23 1912 38
22 1913
23 1913 38
23 1913 1818
22 1914
23 1914 38
23 1914 1498
23 1914 1500
22 1915
23 1915 38
23 1915 1495
22 1916
23 1916 38
23 1916 1782
22 1917
23 1917 38
22 1918
23 1918 38
22 1919
23 1919 38
22 1920
23 1920 38
23 1920 1567
22 1921
23 1921 38
22 1922
23 1922 38
23 1922 1415
23 1922 1468
23 1922 1555
22 1923
23 1923 38
23 1923 1538
23 1923 1584
22 1924
23 1924 38
22 1925
23 1925 47
22 1926
23 1926 47
23 1926 1776
22 1927
23 1927 47
23 1927 1492
23 1927 1652
22 1928
23 1928 47
23 1928 1423
22 1929
23 1929 47
22 1930
23 1930 47
22 1931
23 1931 47
22 1932
23 1932 47
23 1932 1764
23 1932 1799
22 1933
23 1933 47
23 1933 1652
22 1934
23 1934 47
23 1934 1686
22 1935
23 1935 47
23 1935 1526
23 1935 1596
23 1935 1681
22 1936
23 1936 47
22 1937
23 1937 47
23 1937 1599
22 1938
23 1938 47
22 1939
23 1939 47
23 1939 1561
22 1940
23 1940 47
22 1941
23 1941 47
22 1942
23 1942 56
23 1942 1756
22 1943
23 1943 56
22 1944
23 1944 56
23 1944 1629
22 1945
23 1945 56
23 1945 1739
22 1946
23 1946 56
23 1946 1587
22 1947
23 1947 56
22 1948
23 1948 56
23 1948 1567
22 1949
23 1949 56
23 1949 1664
23 1949 1675
22 1950
23 1950 56
23 1950 1541
23 1950 1552
23 1950 1570
23 1950 1590
22 1951
23 1951 56
22 1952
23 1952 56
23 1952 1675
22 1953
23 1953 56
22 1954
23 1954 56
23 1954 1532
23 1954 1593
23 1954 1664
22 1955
23 1955 56
22 1956
23 1956 56
23 1956 1431
23 1956 1576
22 1957
23 1957 56
23 1957 1700
22 1958
23 1958 65
22 1959
23 1959 65
23 1959 1582
22 1960
23 1960 65
23 1960 1561
22 1961
23 1961 65
22 1962
23 1962 65
22 1963
23 1963 65
22 1964
23 1964 65
23 1964 1736
22 1965
23 1965 65
23 1965 1652
22 1966
23 1966 65
22 1967
23 1967 65
22 1968
23 1968 65
23 1968 1567
23 1968 1821
22 1969
23 1969 65
22 1970
23 1970 65
22 1971
23 1971 65
22 1972
23 1972 65
22 1973
23 1973 65
22 1974
23 1974 65
22 1975
23 1975 65
22 1976
23 1976 65
23 1976 1629
22 1977
23 1977 74
22 1978
23 1978 74
23 1978 1564
23 1978 1614
23 1978 1750
22 1979
23 1979 74
22 1980
23 1980 74
23 1980 1599
22 1981
23 1981 74
22 1982
23 1982 74
22 1983
23 1983 74
22 1984
23 1984 74
22 1985
23 1985 74
23 1985 1678
22 1986
23 1986 74
22 1987
23 1987 74
23 1987 1526
22 1988
23 1988 74
23 1988 1608
22 1989
23 1989 74
23 1989 1821
22 1990
23 1990 74
23 1990 1614
23 1990 1629
23 1990 1733
22 1991
23 1991 74
22 1992
23 1992 74
23 1992 1703
22 1993
23 1993 74
22 1994
23 1994 74
22 1995
23 1995 83
22 1996
23 1996 83
22 1997
23 1997 83
22 1998
23 1998 83
22 1999
23 1999 83
22 2000
23 2000 83
22 2001
23 2001 83
23 2001 1529
23 2001 1739
22 2002
23 2002 83
22 2003
23 2003 83
23 2003 1791
22 2004
23 2004 83
23 2004 1454
22 2005
23 2005 83
23 2005 1483
23 2005 1587
22 2006
23 2006 83
22 2007
23 2007 83
23 2007 1550
23 2007 1605
23 2007 1793
22 2008
23 2008 83
23 2008 1773
22 2009
23 2009 83
23 2009 1451
22 2010
23 2010 83
22 2011
23 2011 83
22 2012
23 2012 83
22 2013
23 2013 83
23 2013 1412
23 2013 1547
22 2014
23 2014 93
23 2014 1529
23 2014 1686
22 2015
23 2015 93
23 2015 1611
22 2016
23 2016 93
23 2016 1457
22 2017
23 2017 93
22 2018
23 2018 93
23 2018 1718
22 2019
23 2019 93
22 2020
23 2020 93
23 2020 1511
22 2021
23 2021 93
22 2022
23 2022 93
22 2023
23 2023 93
22 2024
23 2024 93
23 2024 1614
23 2024 1686
22 2025
23 2025 102
22 2026
23 2026 102
22 2027
23 2027 102
22 2028
23 2028 102
22 2029
23 2029 102
22 2030
23 2030 102
22 2031
23 2031 102
23 2031 1555
22 2032
23 2032 102
23 2032 1599
23 2032 1815
22 2033
23 2033 102
23 2033 1410
22 2034
23 2034 102
23 2034 1670
23 2034 1727
22 2035
23 2035 102
23 2035 1445
22 2036
23 2036 111
23 2036 1733
22 2037
23 2037 111
23 2037 1590
22 2038
23 2038 111
22 2039
23 2039 111
22 2040
23 2040 111
23 2040 1418
22 2041
23 2041 111
22 2042
23 2042 111
23 2042 1764
22 2043
23 2043 111
23 2043 1558
22 2044
23 2044 111
23 2044 1608
22 2045
23 2045 111
22 2046
23 2046 111
22 2047
23 2047 111
22 2048
23 2048 111
23 2048 1500
22 2049
23 2049 111
23 2049 1538
23 2049 1718
22 2050
23 2050 111
23 2050 1558
22 2051
23 2051 111
22 2052
23 2052 111
22 2053
23 2053 120
23 2053 1614
23 2053 1813
23 2053 1815
22 2054
23 2054 120
22 2055
23 2055 120
22 2056
23 2056 120
22 2057
23 2057 120
22 2058
23 2058 120
22 2059
23 2059 120
23 2059 1434
23 2059 1678
22 2060
23 2060 120
23 2060 1437
22 2061
23 2061 120
22 2062
23 2062 120
22 2063
23 2063 120
23 2063 1602
23 2063 1770
22 2064
23 2064 120
22 2065
23 2065 120
23 2065 1727
22 2066
23 2066 120
22 2067
23 2067 120
23 2067 1570
22 2068
23 2068 128
23 2068 1582
22 2069
23 2069 128
23 2069 1646
22 2070
23 2070 128
23 2070 1605
23 2070 1736
23 2070 1742
23 2070 1785
22 2071
23 2071 128
22 2072
23 2072 128
23 2072 1590
22 2073
23 2073 128
23 2073 1495
23 2073 1500
23 2073 1532
22 2074
23 2074 128
22 2075
23 2075 128
23 2075 1788
23 2075 1791
22 2076
23 2076 128
23 2076 1451
22 2077
23 2077 128
23 2077 1509
22 2078
23 2078 128
23 2078 1815
22 2079
23 2079 128
23 2079 1431
22 2080
23 2080 137
23 2080 1466
23 2080 1524
22 2081
23 2081 137
22 2082
23 2082 137
23 2082 1564
22 2083
23 2083 137
22 2084
23 2084 137
22 2085
23 2085 137
23 2085 1443
22 2086
23 2086 137
23 2086 1415
22 2087
23 2087 137
23 2087 1410
23 2087 1599
23 2087 1602
23 2087 1706
22 2088
23 2088 137
23 2088 1415
23 2088 1684
22 2089
23 2089 137
22 2090
23 2090 145
22 2091
23 2091 145
22 2092
23 2092 145
22 2093
23 2093 145
23 2093 1412
23 2093 1509
22 2094
23 2094 145
23 2094 1724
22 2095
23 2095 145
22 2096
23 2096 145
23 2096 1486
23 2096 1570
22 2097
23 2097 145
23 2097 1550
22 2098
23 2098 145
22 2099
23 2099 145
22 2100
23 2100 145
23 2100 1686
23 2100 1799
22 2101
23 2101 145
23 2101 1514
23 2101 1736
22 2102
23 2102 145
23 2102 1791
23 2102 1804
22 2103
23 2103 145
22 2104
23 2104 153
23 2104 1681
22 2105
23 2105 153
22 2106
23 2106 153
23 2106 1785
22 2107
23 2107 153
22 2108
23 2108 153
23 2108 1474
23 2108 1727
23 2108 1756
22 2109
23 2109 153
23 2109 1747
22 2110
23 2110 153
23 2110 1759
22 2111
23 2111 153
23 2111 1514
22 2112
23 2112 153
22 2113
23 2113 153
22 2114
23 2114 153
23 2114 1451
23 2114 1564
23 2114 1804
22 2115
23 2115 153
23 2115 1807
22 2116
23 2116 153
23 2116 1412
22 2117
23 2117 153
22 2118
23 2118 153
22 2119
23 2119 163
23 2119 1744
22 2120
23 2120 163
23 2120 1466
22 2121
23 2121 163
23 2121 1576
23 2121 1675
22 2122
23 2122 163
23 2122 1611
22 2123
23 2123 163
23 2123 1821
22 2124
23 2124 163
22 2125
23 2125 163
23 2125 1524
22 2126
23 2126 163
22 2127
23 2127 163
22 2128
23 2128 163
22 2129
23 2129 163
23 2129 1550
22 2130
23 2130 163
22 2131
23 2131 163
23 2131 1637
22 2132
23 2132 163
23 2132 1655
22 2133
23 2133 163
22 2134
23 2134 172
23 2134 1558
23 2134 1593
22 2135
23 2135 172
22 2136
23 2136 172
22 2137
23 2137 172
22 2138
23 2138 172
23 2138 1655
22 2139
23 2139 172
23 2139 1821
22 2140
23 2140 172
23 2140 1503
22 2141
23 2141 172
23 2141 1426
23 2141 1506
23 2141 1776
22 2142
23 2142 172
23 2142 1733
22 2143
23 2143 172
23 2143 1412
23 2143 1440
22 2144
23 2144 172
22 2145
23 2145 172
22 2146
23 2146 172
23 2146 1634
23 2146 1793
22 2147
23 2147 172
22 2148
23 2148 172
23 2148 1796
22 2149
23 2149 172
22 2150
23 2150 180
23 2150 1605
23 2150 1807
22 2151
23 2151 180
22 2152
23 2152 180
23 2152 1733
22 2153
23 2153 180
22 2154
23 2154 180
23 2154 1445
23 2154 1706
22 2155
23 2155 180
23 2155 1538
22 2156
23 2156 180
23 2156 1596
22 2157
23 2157 180
23 2157 1535
23 2157 1724
22 2158
23 2158 180
22 2159
23 2159 180
23 2159 1770
22 2160
23 2160 180
22 2161
23 2161 180
23 2161 1770
22 2162
23 2162 180
23 2162 1471
23 2162 1634
22 2163
23 2163 180
22 2164
23 2164 180
22 2165
23 2165 189
22 2166
23 2166 189
22 2167
23 2167 189
23 2167 1500
23 2167 1788
23 2167 1799
22 2168
23 2168 189
22 2169
23 2169 189
22 2170
23 2170 189
23 2170 1428
23 2170 1602
23 2170 1684
22 2171
23 2171 189
23 2171 1526
23 2171 1706
22 2172
23 2172 189
23 2172 1736
23 2172 1739
22 2173
23 2173 189
23 2173 1519
23 2173 1631
22 2174
23 2174 189
23 2174 1538
22 2175
23 2175 189
23 2175 1791
22 2176
23 2176 189
22 2177
23 2177 199
22 2178
23 2178 199
22 2179
23 2179 199
23 2179 1495
23 2179 1532
23 2179 1605
22 2180
23 2180 199
22 2181
23 2181 199
23 2181 1744
22 2182
23 2182 199
23 2182 1514
22 2183
23 2183 199
22 2184
23 2184 199
22 2185
23 2185 199
23 2185 1675
22 2186
23 2186 199
22 2187
23 2187 199
22 2188
23 2188 199
23 2188 1426
23 2188 1434
23 2188 1779
22 2189
23 2189 199
23 2189 1670
22 2190
23 2190 199
22 2191
23 2191 199
23 2191 1547
22 2192
23 2192 199
23 2192 1440
22 2193
23 2193 206
22 2194
23 2194 206
22 2195
23 2195 206
23 2195 1602
22 2196
23 2196 206
23 2196 1434
23 2196 1727
22 2197
23 2197 206
23 2197 1474
22 2198
23 2198 206
23 2198 1466
22 2199
23 2199 206
22 2200
23 2200 206
22 2201
23 2201 206
23 2201 1509
22 2202
23 2202 206
22 2203
23 2203 206
22 2204
23 2204 206
22 2205
23 2205 215
23 2205 1532
23 2205 1733
22 2206
23 2206 215
22 2207
23 2207 215
23 2207 1770
22 2208
23 2208 215
23 2208 1426
23 2208 1785
22 2209
23 2209 215
23 2209 1410
22 2210
23 2210 215
22 2211
23 2211 224
23 2211 1675
22 2212
23 2212 224
22 2213
23 2213 224
23 2213 1552
22 2214
23 2214 224
23 2214 1503
22 2215
23 2215 224
22 2216
23 2216 224
22 2217
23 2217 224
23 2217 1623
22 2218
23 2218 224
23 2218 1744
22 2219
23 2219 224
22 2220
23 2220 224
22 2221
23 2221 232
22 2222
23 2222 232
23 2222 1576
23 2222 1782
22 2223
23 2223 232
23 2223 1457
23 2223 1544
22 2224
23 2224 232
23 2224 1492
23 2224 1623
22 2225
23 2225 232
22 2226
23 2226 232
23 2226 1457
22 2227
23 2227 232
22 2228
23 2228 232
23 2228 1471
22 2229
23 2229 232
23 2229 1599
22 2230
23 2230 238
22 2231
23 2231 238
22 2232
23 2232 238
23 2232 1764
22 2233
23 2233 238
23 2233 1471
22 2234
23 2234 238
22 2235
23 2235 238
22 2236
23 2236 245
23 2236 1561
22 2237
23 2237 245
23 2237 1440
23 2237 1579
22 2238
23 2238 245
23 2238 1526
22 2239
23 2239 245
22 2240
23 2240 245
22 2241
23 2241 245
23 2241 1524
22 2242
23 2242 245
22 2243
23 2243 245
22 2244
23 2244 245
22 2245
23 2245 245
23 2245 1506
22 2246
23 2246 252
22 2247
23 2247 252
23 2247 1673
22 2248
23 2248 252
23 2248 1421
22 2249
23 2249 252
23 2249 1673
23 2249 1681
22 2250
23 2250 252
23 2250 1443
22 2251
23 2251 260
22 2252
23 2252 260
23 2252 1673
23 2252 1804
22 2253
23 2253 260
22 2254
23 2254 260
22 2255
23 2255 260
22 2256
23 2256 260
22 2257
23 2257 260
22 2258
23 2258 260
23 2258 1582
23 2258 1681
22 2259
23 2259 260
23 2259 1736
22 2260
23 2260 269
23 2260 1486
23 2260 1558
22 2261
23 2261 269
22 2262
23 2262 269
22 2263
23 2263 269
23 2263 1629
22 2264
23 2264 269
23 2264 1756
23 2264 1788
22 2265
23 2265 269
22 2266
23 2266 269
22 2267
23 2267 269
22 2268
23 2268 278
23 2268 1678
22 2269
23 2269 278
23 2269 1617
23 2269 1739
22 2270
23 2270 278
22 2271
23 2271 278
23 2271 1547
22 2272
23 2272 278
22 2273
23 2273 278
22 2274
23 2274 278
22 2275
23 2275 278
23 2275 1802
22 2276
23 2276 288
23 2276 1652
22 2277
23 2277 288
22 2278
23 2278 288
23 2278 1602
23 2278 1634
22 2279
23 2279 288
23 2279 1759
22 2280
23 2280 288
23 2280 1584
22 2281
23 2281 288
22 2282
23 2282 298
22 2283
23 2283 298
22 2284
23 2284 298
23 2284 1498
22 2285
23 2285 298
23 2285 1483
22 2286
23 2286 305
23 2286 1561
22 2287
23 2287 305
23 2287 1785
23 2287 1804
22 2288
23 2288 305
23 2288 1524
22 2289
23 2289 305
23 2289 1550
23 2289 1673
22 2290
23 2290 340
23 2290 1516
23 2290 1552
23 2290 1681
23 2290 1700
22 2291
23 2291 340
22 2292
23 2292 340
22 2293
23 2293 340
22 2294
23 2294 340
24 3
24 13
24 21
24 22
24 30
24 31
24 39
24 48
24 57
24 58
24 66
24 67
24 75
24 84
24 85
24 94
24 95
24 103
24 104
24 112
24 113
24 121
24 129
24 130
24 138
24 146
24 154
24 155
24 164
24 173
24 174
24 181
24 182
24 190
24 191
24 200
24 207
24 208
24 216
24 217
24 225
24 233
24 239
24 246
24 253
24 261
24 270
24 271
24 279
24 280
24 289
24 290
24 299
24 300
24 306
24 314
24 321
24 322
24 327
24 334
24 341
25 4
25 5
25 14
25 23
25 32
25 33
25 40
25 41
25 49
25 50
25 59
25 68
25 69
25 76
25 77
25 86
25 87
25 96
25 97
25 105
25 106
25 114
25 115
25 122
25 131
25 139
25 147
25 156
25 157
25 165
25 166
25 175
25 183
25 184
25 192
25 193
25 201
25 209
25 210
25 218
25 219
25 226
25 234
25 235
25 240
25 247
25 254
25 255
25 262
25 263
25 272
25 273
25 281
25 282
25 291
25 292
25 301
25 307
25 308
25 315
25 323
25 324
25 328
25 329
25 335
25 336
25 342
26 1736
27 1736 271
26 1684
27 1684 58
26 1423
27 1423 239
26 1721
27 1721 164
26 1457
27 1457 121
26 1555
27 1555 30
26 1573
27 1573 233
26 1428
27 1428 104
26 1415
27 1415 200
26 1724
27 1724 3
26 1818
27 1818 21
26 1626
27 1626 103
26 1675
27 1675 334
26 1451
27 1451 75
26 1599
27 1599 57
26 1529
27 1529 85
26 1576
27 1576 225
26 1506
27 1506 155
26 1733
27 1733 182
26 1448
27 1448 174
26 1821
27 1821 207
26 1486
27 1486 113
26 1412
27 1412 146
26 1538
27 1538 300
26 1678
27 1678 208
26 1483
27 1483 173
26 1667
27 1667 67
26 1815
27 1815 314
26 1782
27 1782 191
28 1584
28 1567
28 1617
28 1689
28 1468
28 1443
28 1730
28 1519
28 1670
28 1437
28 1785
28 1516
28 1796
28 1709
28 1602
28 1756
28 1526
28 1509
28 1637
28 1776
28 1759
28 1492
28 1623
28 1802
28 1410
28 1788
28 1608
28 1706
28 1564
28 1673
28 1431
28 1590
28 1661
28 1426
28 1744
28 1480
28 1418
28 1652
28 1440
n_const 2295
n_fact 6974
