nargs 1
np 1
2
43 32768
nc 1
2
41 32768

nargs 1
np 1
2
24 32768
nc 1
2
99 32768

nargs 1
np 1
2
23 32768
nc 1
2
99 32768

nargs 2
np 3
3 2 2
9 32768 32769
58 32769
4 32768
nc 1
2
100 32768

nargs 2
np 3
2 3 2
4 32768
8 32768 32769
58 32769
nc 1
2
101 32768

nargs 2
np 3
3 2 2
8 32768 32769
59 32769
4 32768
nc 1
2
102 32768

nargs 2
np 3
3 2 2
9 32768 32769
59 32769
4 32768
nc 1
2
103 32768

nargs 1
np 1
2
40 32768
nc 1
2
41 32768

nargs 2
np 3
3 2 2
14 32768 32769
12 32769
4 32768
nc 1
2
13 32768

nargs 1
np 1
2
13 32768
nc 1
2
99 32768

nargs 1
np 1
2
50 32768
nc 1
2
104 32768

nargs 1
np 1
2
3 32768
nc 1
2
105 32768

nargs 1
np 1
2
39 32768
nc 1
2
43 32768

nargs 1
np 1
2
33 32768
nc 1
2
106 32768

nargs 2
np 2
3 2
14 32768 32769
3 32769
nc 1
2
107 32768

nargs 1
np 1
2
107 32768
nc 1
2
99 32768

nargs 1
np 1
2
12 32768
nc 1
2
105 32768

nargs 2
np 3
3 2 2
14 32768 32769
108 32769
4 32768
nc 1
2
109 32768

nargs 2
np 3
3 2 2
22 32768 32769
105 32769
4 32768
nc 1
2
110 32768

nargs 1
np 1
2
66 32768
nc 1
2
111 32768

nargs 1
np 1
2
90 32768
nc 1
2
112 32768

nargs 1
np 1
2
113 32768
nc 1
2
110 32768

nargs 1
np 1
2
98 32768
nc 1
2
112 32768

nargs 1
np 1
2
15 32768
nc 1
2
99 32768

nargs 1
np 1
2
114 32768
nc 1
2
33 32768

nargs 1
np 1
2
94 32768
nc 1
2
112 32768

nargs 1
np 1
2
115 32768
nc 1
2
105 32768

nargs 1
np 1
2
116 32768
nc 1
2
43 32768

nargs 1
np 1
2
26 32768
nc 1
2
113 32768

nargs 1
np 1
2
38 32768
nc 1
2
41 32768

nargs 1
np 1
2
65 32768
nc 1
2
87 32768

nargs 1
np 1
2
117 32768
nc 1
2
4 32768

nargs 1
np 1
2
118 32768
nc 1
2
4 32768

nargs 1
np 1
2
119 32768
nc 1
2
113 32768

nargs 1
np 1
2
99 32768
nc 1
2
113 32768

nargs 1
np 1
2
108 32768
nc 1
2
105 32768

nargs 1
np 1
2
120 32768
nc 1
2
106 32768

nargs 1
np 1
2
48 32768
nc 1
2
4 32768

nargs 1
np 1
2
48 32768
nc 1
2
49 32768

nargs 1
np 1
2
49 32768
nc 1
2
105 32768

nargs 1
np 1
2
57 32768
nc 1
2
112 32768

nargs 2
np 3
3 2 2
29 32768 32769
121 32769
122 32768
nc 1
2
123 32768

nargs 1
np 1
2
42 32768
nc 1
2
41 32768

nargs 1
np 1
2
44 32768
nc 1
2
41 32768

nargs 1
np 1
2
53 32768
nc 1
2
87 32768

nargs 2
np 3
2 3 2
4 32768
9 32768 32769
53 32769
nc 1
2
124 32768

nargs 2
np 3
3 2 2
8 32768 32769
53 32769
4 32768
nc 1
2
125 32768

nargs 2
np 3
3 2 2
5 32768 32769
105 32769
4 32768
nc 1
2
122 32768

nargs 1
np 1
2
104 32768
nc 1
2
110 32768

nargs 2
np 3
3 2 2
9 32768 32769
96 32769
4 32768
nc 1
2
126 32768

nargs 2
np 3
3 2 2
8 32768 32769
96 32769
4 32768
nc 1
2
127 32768

nargs 1
np 1
2
51 32768
nc 1
2
104 32768

nargs 2
np 3
2 3 2
4 32768
47 32768 32769
33 32769
nc 1
2
46 32768

nargs 1
np 1
2
37 32768
nc 1
2
43 32768

nargs 2
np 3
3 2 2
9 32768 32769
97 32769
4 32768
nc 1
2
128 32768

nargs 1
np 1
2
27 32768
nc 1
2
122 32768

nargs 1
np 1
2
0 32768
nc 1
2
105 32768

nargs 1
np 1
2
35 32768
nc 1
2
41 32768

nargs 1
np 1
2
25 32768
nc 1
2
99 32768

nargs 2
np 1
3
28 32768 32769
nc 1
2
12 32769

nargs 2
np 1
3
129 32768 32769
nc 1
2
0 32768

nargs 2
np 1
3
129 32768 32769
nc 1
2
4 32769

nargs 2
np 1
3
129 32768 32769
nc 1
3
130 32769 32768

nargs 2
np 1
3
130 32768 32769
nc 1
3
129 32769 32768

nargs 2
np 1
3
130 32768 32769
nc 1
2
4 32768

nargs 2
np 1
3
130 32768 32769
nc 1
2
0 32769

nargs 2
np 1
3
130 32768 32769
nc 1
3
129 32769 32768

nargs 2
np 1
3
129 32768 32769
nc 1
3
130 32769 32768

nargs 2
np 1
3
19 32768 32769
nc 1
2
4 32768

nargs 2
np 1
3
19 32768 32769
nc 1
2
0 32769

nargs 2
np 1
3
29 32768 32769
nc 1
2
112 32769

nargs 2
np 1
3
18 32768 32769
nc 1
2
4 32768

nargs 2
np 1
3
18 32768 32769
nc 1
2
0 32769

nargs 2
np 1
3
131 32768 32769
nc 1
2
105 32768

nargs 2
np 1
3
131 32768 32769
nc 1
2
4 32769

nargs 2
np 1
3
131 32768 32769
nc 1
3
16 32769 32768

nargs 2
np 1
3
16 32768 32769
nc 1
3
131 32769 32768

nargs 2
np 1
3
6 32768 32769
nc 1
3
6 32769 32768

nargs 2
np 1
3
6 32768 32769
nc 1
2
4 32768

nargs 2
np 1
3
6 32768 32769
nc 1
2
4 32769

nargs 2
np 1
3
132 32768 32769
nc 1
2
105 32768

nargs 2
np 1
3
132 32768 32769
nc 1
2
122 32769

nargs 2
np 1
3
132 32768 32769
nc 1
3
5 32769 32768

nargs 2
np 1
3
5 32768 32769
nc 1
3
132 32769 32768

nargs 2
np 1
3
17 32768 32769
nc 1
2
4 32768

nargs 2
np 1
3
17 32768 32769
nc 1
2
0 32769

nargs 2
np 1
3
31 32768 32769
nc 1
2
4 32768

nargs 2
np 1
3
31 32768 32769
nc 1
2
99 32769

nargs 2
np 1
3
133 32768 32769
nc 1
2
105 32768

nargs 2
np 1
3
133 32768 32769
nc 1
2
4 32769

nargs 2
np 1
3
134 32768 32769
nc 1
2
105 32768

nargs 2
np 1
3
134 32768 32769
nc 1
2
105 32769

nargs 2
np 1
3
10 32768 32769
nc 1
3
10 32769 32768

nargs 2
np 1
3
10 32768 32769
nc 1
2
4 32768

nargs 2
np 1
3
10 32768 32769
nc 1
2
4 32769

nargs 2
np 1
3
16 32768 32769
nc 1
3
131 32769 32768

nargs 2
np 1
3
131 32768 32769
nc 1
3
16 32769 32768

nargs 2
np 1
3
5 32768 32769
nc 1
2
122 32768

nargs 2
np 1
3
5 32768 32769
nc 1
2
105 32769

nargs 2
np 1
3
5 32768 32769
nc 1
3
132 32769 32768

nargs 2
np 1
3
132 32768 32769
nc 1
3
5 32769 32768

nargs 2
np 1
3
34 32768 32769
nc 1
2
33 32768

nargs 2
np 1
3
34 32768 32769
nc 1
2
113 32769

nargs 2
np 1
3
34 32768 32769
nc 1
3
20 32769 32768

nargs 2
np 1
3
20 32768 32769
nc 1
3
34 32769 32768

nargs 2
np 1
3
135 32768 32769
nc 1
2
136 32768

nargs 2
np 1
3
135 32768 32769
nc 1
2
33 32769

nargs 2
np 1
3
137 32768 32769
nc 1
2
105 32768

nargs 2
np 1
3
137 32768 32769
nc 1
2
41 32769

nargs 2
np 1
3
36 32768 32769
nc 1
2
41 32768

nargs 2
np 1
3
36 32768 32769
nc 1
2
4 32769

nargs 2
np 1
3
138 32768 32769
nc 1
2
41 32768

nargs 2
np 1
3
139 32768 32769
nc 1
2
41 32768

nargs 2
np 1
3
139 32768 32769
nc 1
2
120 32769

nargs 2
np 1
3
140 32768 32769
nc 1
2
49 32768

nargs 2
np 1
3
140 32768 32769
nc 1
2
120 32769

nargs 2
np 1
3
141 32768 32769
nc 1
2
42 32768

nargs 2
np 1
3
141 32768 32769
nc 1
2
41 32769

nargs 2
np 1
3
142 32768 32769
nc 1
2
42 32768

nargs 2
np 1
3
2 32768 32769
nc 1
2
105 32768

nargs 2
np 1
3
2 32768 32769
nc 1
2
105 32769

nargs 2
np 1
3
30 32768 32769
nc 1
2
122 32768

nargs 2
np 1
3
20 32768 32769
nc 1
2
113 32768

nargs 2
np 1
3
20 32768 32769
nc 1
2
33 32769

nargs 2
np 1
3
47 32768 32769
nc 1
2
46 32768

nargs 2
np 1
3
47 32768 32769
nc 1
2
33 32769

nargs 2
np 1
3
143 32768 32769
nc 1
2
99 32768

nargs 2
np 1
3
144 32768 32769
nc 1
2
4 32768

nargs 2
np 1
3
145 32768 32769
nc 1
2
4 32768

nargs 2
np 1
3
146 32768 32769
nc 1
2
4 32768

nargs 2
np 1
3
146 32768 32769
nc 1
2
4 32768

nargs 2
np 1
3
147 32768 32769
nc 1
2
4 32768

nargs 2
np 1
3
148 32768 32769
nc 1
2
4 32768

nargs 1
np 1
2
97 32768
nc 1
2
53 32768

nargs 1
np 1
2
96 32768
nc 1
2
53 32768

nargs 1
np 1
2
59 32768
nc 1
2
53 32768

nargs 1
np 1
2
58 32768
nc 1
2
53 32768

nargs 2
np 1
3
8 32768 32769
nc 1
3
7 32768 32769

nargs 2
np 1
3
7 32768 32769
nc 1
3
8 32768 32769

nargs 2
np 1
3
17 32768 32769
nc 1
3
130 32768 32769

nargs 2
np 1
3
132 32768 32769
nc 1
3
131 32768 32769

nargs 2
np 1
3
5 32768 32769
nc 1
3
16 32768 32769

nargs 2
np 1
3
18 32768 32769
nc 1
3
130 32768 32769

nargs 2
np 1
3
28 32768 32769
nc 1
3
5 32768 32769

nargs 2
np 1
3
19 32768 32769
nc 1
3
130 32768 32769

nargs 2
np 1
3
9 32768 32769
nc 1
3
8 32768 32769

nargs 2
np 1
3
22 32768 32769
nc 1
3
16 32768 32769

nargs 2
np 1
3
14 32768 32769
nc 1
3
22 32768 32769


n_rule 148
n_pred_names 149

