nargs 1
np 1
2
29 32768
nc 1
2
30 32768

nargs 1
np 1
2
31 32768
nc 1
2
22 32768

nargs 1
np 1
2
14 32768
nc 1
2
32 32768

nargs 1
np 1
2
13 32768
nc 1
2
32 32768

nargs 1
np 1
2
33 32768
nc 1
2
22 32768

nargs 2
np 3
2 3 2
34 32768
12 32768 32769
1 32769
nc 1
2
35 32768

nargs 1
np 1
2
35 32768
nc 1
2
32 32768

nargs 1
np 1
2
36 32768
nc 1
2
29 32768

nargs 1
np 1
2
37 32768
nc 1
2
38 32768

nargs 1
np 1
2
39 32768
nc 1
2
31 32768

nargs 1
np 1
2
24 32768
nc 1
2
40 32768

nargs 2
np 2
3 2
12 32768 32769
37 32769
nc 1
2
41 32768

nargs 1
np 1
2
41 32768
nc 1
2
32 32768

nargs 1
np 1
2
1 32768
nc 1
2
38 32768

nargs 2
np 3
2 3 2
34 32768
12 32768 32769
42 32769
nc 1
2
43 32768

nargs 2
np 3
2 3 2
34 32768
8 32768 32769
38 32769
nc 1
2
30 32768

nargs 1
np 1
2
44 32768
nc 1
2
30 32768

nargs 1
np 1
2
3 32768
nc 1
2
32 32768

nargs 1
np 1
2
25 32768
nc 1
2
24 32768

nargs 1
np 1
2
20 32768
nc 1
2
34 32768

nargs 2
np 2
3 2
18 32768 32769
25 32769
nc 1
2
20 32768

nargs 1
np 1
2
45 32768
nc 1
2
38 32768

nargs 1
np 1
2
46 32768
nc 1
2
31 32768

nargs 1
np 1
2
15 32768
nc 1
2
44 32768

nargs 1
np 1
2
47 32768
nc 1
2
22 32768

nargs 1
np 1
2
48 32768
nc 1
2
44 32768

nargs 1
np 1
2
32 32768
nc 1
2
44 32768

nargs 1
np 1
2
42 32768
nc 1
2
38 32768

nargs 1
np 1
2
49 32768
nc 1
2
40 32768

nargs 1
np 1
2
28 32768
nc 1
2
34 32768

nargs 2
np 2
3 2
8 32768 32769
21 32769
nc 1
2
28 32768

nargs 1
np 1
2
21 32768
nc 1
2
38 32768

nargs 1
np 1
2
50 32768
nc 1
2
22 32768

nargs 1
np 1
2
51 32768
nc 1
2
22 32768

nargs 2
np 3
2 3 2
34 32768
18 32768 32769
24 32769
nc 1
2
52 32768

nargs 1
np 1
2
53 32768
nc 1
2
29 32768

nargs 2
np 3
2 3 2
34 32768
27 32768 32769
24 32769
nc 1
2
26 32768

nargs 1
np 1
2
54 32768
nc 1
2
31 32768

nargs 1
np 1
2
16 32768
nc 1
2
52 32768

nargs 1
np 1
2
0 32768
nc 1
2
38 32768

nargs 1
np 1
2
55 32768
nc 1
2
22 32768

nargs 1
np 1
2
56 32768
nc 1
2
32 32768

nargs 2
np 1
3
19 32768 32769
nc 2
2 2
34 32768
32 32769

nargs 2
np 1
3
57 32768 32769
nc 2
2 2
38 32768
38 32769

nargs 2
np 1
3
58 32768 32769
nc 2
2 2
38 32768
34 32769

nargs 2
np 1
3
59 32768 32769
nc 1
2
34 32768

nargs 2
np 1
3
60 32768 32769
nc 2
2 2
34 32768
0 32769

nargs 2
np 1
3
7 32768 32769
nc 3
2 2 3
34 32768
0 32769
60 32768 32769

nargs 2
np 1
3
9 32768 32769
nc 1
2
34 32768

nargs 2
np 1
3
61 32768 32769
nc 2
2 2
0 32768
34 32769

nargs 2
np 1
3
12 32768 32769
nc 1
3
8 32768 32769

nargs 2
np 1
3
62 32768 32769
nc 2
2 2
63 32768
24 32769

nargs 2
np 1
3
6 32768 32769
nc 3
2 2 3
34 32768
0 32769
60 32768 32769

nargs 2
np 1
3
64 32768 32769
nc 2
2 2
38 32768
34 32769

nargs 2
np 1
3
65 32768 32769
nc 2
2 2
38 32768
22 32769

nargs 2
np 1
3
23 32768 32769
nc 2
2 2
22 32768
34 32769

nargs 2
np 1
3
66 32768 32769
nc 1
2
22 32768

nargs 2
np 1
3
67 32768 32769
nc 2
2 2
22 32768
49 32769

nargs 2
np 1
3
68 32768 32769
nc 2
2 2
21 32768
49 32769

nargs 2
np 1
3
69 32768 32769
nc 2
2 2
50 32768
22 32769

nargs 2
np 1
3
70 32768 32769
nc 1
2
50 32768

nargs 2
np 1
3
2 32768 32769
nc 2
2 2
38 32768
38 32769

nargs 2
np 2
3 3
2 32768 32769
2 32769 32769
nc 1
3
2 32768 32769

nargs 2
np 1
3
4 32768 32769
nc 2
2 2
44 32768
24 32769

nargs 2
np 1
3
27 32768 32769
nc 2
2 2
26 32768
24 32769

nargs 2
np 1
3
10 32768 32769
nc 1
2
34 32768

nargs 2
np 1
3
71 32768 32769
nc 1
2
32 32768

nargs 2
np 1
3
72 32768 32769
nc 1
2
34 32768

nargs 2
np 1
3
5 32768 32769
nc 3
2 2 3
34 32768
0 32769
60 32768 32769

nargs 2
np 1
3
8 32768 32769
nc 1
3
17 32768 32769


n_rule 70
n_pred_names 73

